tiempo,u,x1_med,x2_med,x3_med,x4_med,x2_true,x4_true,x1_true,x3_true
0,-2,-0.000368894433766687,-2.23129368718383,3.16308222418639,0.376949339837607,0,0,0,3.14159265358979
0.02,-2,-0.0449947681774432,-1.01289870871969,3.17062121098314,0.267823348108265,-1.55655583881544,1.48330640612948,-0.017157755685184,3.15800466292091
0.04,-2,-0.0408848427825542,-1.70880057326064,3.17379515811072,1.42494753303803,-2.36801114699541,2.21641291111911,-0.0573431608033166,3.19596729874376
0.06,-2,-0.113346791107869,-2.80307197382806,3.22761911230466,3.28900527252561,-2.7428533328689,2.49195393943688,-0.108983700501156,3.24362584631162
0.08,-2,-0.153007721735677,-1.96614285006229,3.30535536901175,2.56367982547612,-2.87421469611773,2.49652860748714,-0.16543328522438,3.29383960328568
0.1,-2,-0.19199250511036,-2.96042318667592,3.33016630532371,2.77015557773075,-2.88347893874504,2.34908164985086,-0.223156206884935,3.34249036662644
0.12,-2,-0.271424649202714,-3.41491394663995,3.41616159212098,2.57070335605167,-2.84205723657662,2.1207331359293,-0.280447317218938,3.38727557838728
0.14,-2,-0.328589062975958,-2.09761524868421,3.43299443956578,0.35440892630465,-2.78612573895999,1.8495143782989,-0.336745458699117,3.42703747277609
0.16,-2,-0.355329259150082,-3.37122997548172,3.43033794917316,1.62614018933882,-2.73416545389738,1.55666293369736,-0.391927461692474,3.46111963748352
0.18,-2,-0.463438261995227,-4.41138287473618,3.49804004713933,2.46686868498543,-2.69296509385459,1.25293405489709,-0.446180354527091,3.48922922307067
0.2,-2,-0.53178457413953,-1.62761334390606,3.52901269657258,0.998807759354237,-2.6650130041085,0.945149550440457,-0.499741750819943,3.51121569449131
0.22,-2,-0.52854279575147,-1.44884189294665,3.5379923575135,0.849392168066154,-2.65021434481035,0.637851238574833,-0.552871860067429,3.52704243869101
0.24,-2,-0.589738249857396,-3.1633216933117,3.56298838329522,-0.0689549866495276,-2.64737874888946,0.334728971033217,-0.60582898571372,3.53675885049206
0.26,-2,-0.655075663483938,-2.11686541171708,3.53523415804752,-0.310061339147516,-2.65520035431357,0.0392362964914557,-0.658839233136004,3.5404821285342
0.28,-2,-0.674412866326079,-3.06020152812239,3.55058592972932,-0.201673726892215,-2.67246214841386,-0.245288208173325,-0.712090662671958,3.53839187610559
0.3,-2,-0.777483724608833,-3.86251387525997,3.52716720897183,-0.820107944860093,-2.69839524094862,-0.515252028096702,-0.765742124935499,3.53072715540634
0.32,-2,-0.828913421336477,-1.78517212271605,3.51778161193492,-0.322328363481905,-2.73155158714615,-0.767621362371549,-0.819998303251268,3.51784568355651
0.34,-2,-0.848890609517476,-3.46257477372193,3.51427407443255,-1.35756013860575,-2.7711657980708,-0.999212030729525,-0.875026638221623,3.50015066729485
0.36,-2,-0.967416412285355,-3.44859742807561,3.46347920639069,-1.70461118763886,-2.8173105681886,-1.20659493158351,-0.930948692449733,3.47808305670104
0.38,-2,-0.9868345066405,-1.09601768132028,3.446089626927,-1.31162565442932,-2.87087426455385,-1.38611104993803,-0.987841712699049,3.45212191294836
0.4,-2,-1.01125711953817,-3.79054291984133,3.41101418021352,-1.12112924179063,-2.93188656482202,-1.5351504368365,-1.04583579796607,3.42283365619522
0.42,-2,-1.13845622343415,-4.58042678854127,3.40124445725537,-1.04748431586836,-2.99873191122627,-1.65304657561294,-1.10512042611087,3.39088799951037
0.44,-2,-1.19447419107982,-1.79724437714683,3.36911480757878,-2.45089503733551,-3.0702711723506,-1.73943434178065,-1.16582031895384,3.35692882480766
0.46,-2,-1.21034599852003,-2.72120024498956,3.30320865576195,-2.46703506846914,-3.14593613582785,-1.79413156368799,-1.2279953307324,3.32155883350173
0.48,-2,-1.3033222008794,-3.65924728304096,3.27043340484002,-2.07141461822086,-3.22444365391596,-1.81822283498253,-1.29169076942076,3.28537715151302
0.5,-2,-1.35671588984166,-2.89787024224294,3.22035207103312,-0.635930477368318,-3.30297816847324,-1.81476410678011,-1.35695960029024,3.24899510841894
0.52,-2,-1.41923701056912,-3.38840638931544,3.24499618574528,-1.09314834384412,-3.37951007944134,-1.78655888493237,-1.42379268570679,3.21294905384395
0.54,-2,-1.49225214541428,-3.6483719369151,3.17662613727935,-3.29230413612253,-3.45272190243574,-1.73613337346965,-1.49213091229564,3.17769891640407
0.56,-2,-1.56517188804572,-3.27808563837299,3.11330402030038,-0.927053685006318,-3.52198532161655,-1.66567986507929,-1.56187336348078,3.14363709980917
0.58,-2,-1.6233755709492,-4.08322812239141,3.1395439898791,-0.238780475760414,-3.58595417474892,-1.57819301128777,-1.63295071241507,3.11116046802877
0.6,-2,-1.72850101294138,-4.40480190658035,3.10375280126997,-1.68784452488354,-3.64395563182791,-1.47616451126773,-1.70527494131932,3.08060991886317
0.62,-2,-1.79956764721242,-2.98407953995737,3.07203020888376,-1.82472842103339,-3.697231558878,-1.36033232110693,-1.77869930364435,3.05222820618559
0.64,-2,-1.84786419453967,-3.14480656516362,3.03076366442863,-1.75083269466273,-3.74590469034872,-1.23256493066291,-1.85312728536965,3.02626945798556
0.66,-2,-1.92535990981896,-3.72488059768281,3.00199690109725,-0.832919155351897,-3.78954123282454,-1.0953166566719,-1.92849284662495,3.00297950014015
0.68,-2,-1.99685941844698,-4.06903205693651,2.99744689821456,-1.23165612486509,-3.82885036226249,-0.949962232133701,-2.00469428060442,2.98252567717926
0.7,-2,-2.08812119209642,-4.1060477205527,2.95273065610265,-2.03209217271385,-3.86458866622734,-0.797838996108413,-2.08163409164319,2.96503672374473
0.72,-2,-2.16110132726909,-3.31186585736167,2.916163211306,-0.723553345642847,-3.89659176773527,-0.641200109828924,-2.15925144339524,2.9506391767333
0.74,-2,-2.22059582639089,-4.38682549944777,2.92378852227693,0.263074071976244,-3.92497800880886,-0.482004613520982,-2.23747389122512,2.93940605628865
0.76,-2,-2.336574347247,-4.61582426009365,2.92668617418505,0.320763852224482,-3.94983817367051,-0.322185458457959,-2.31622877419394,2.93136639670049
0.78,-2,-2.40522879679463,-3.08391866739939,2.93661907636591,-0.150921285212069,-3.97099950101877,-0.163881708696271,-2.39544896025649,2.92651515067781
0.8,-2,-2.45993109394298,-4.09325965356202,2.92064932277657,-0.978248325899089,-3.98842404937159,-0.00905556576225525,-2.47505094136726,2.92479439083987
0.82,-2,-2.56895918293711,-4.73676965770222,2.89748914332995,0.372898771057284,-4.001797556092,0.140179197194542,-2.55495425003345,2.92611123369283
0.84,-2,-2.64940188025107,-4.24024355479622,2.93556527361886,1.51347950426346,-4.0103928297097,0.281437613377775,-2.63508661524779,2.93034471916441
0.86,-2,-2.73856892512896,-4.37304784947225,2.95802832350049,0.59180661657473,-4.01394471500456,0.41288619899417,-2.71534359500699,2.93731061376909
0.88,-2,-2.82432379422996,-2.92568183258127,2.95923753828185,0.102359383734474,-4.01222678884495,0.532869096236645,-2.79561068493516,2.94678484340866
0.9,-2,-2.85559619843221,-3.37361147009488,2.96212269884986,0.219349725103568,-4.00461273181354,0.639516459065996,-2.87578537566414,2.95852858628425
0.92,-2,-2.95926825303375,-5.21038493097652,2.96801152728599,0.551277205504608,-3.99076097993087,0.731386576735882,-2.95575151297382,2.97226628954701
0.94,-2,-3.06401159567128,-3.27556932419799,2.98417378707005,0.835066967017783,-3.97076976314567,0.807605761006302,-3.03537729572165,2.9876832779782
0.96,-2,-3.09029102600167,-3.11346671835369,3.0014142059667,0.828940203390904,-3.94481923800554,0.867550711697252,-3.11454109022752,3.00445955928575
0.98,-2,-3.18855026440542,-3.96978017494646,3.01733139520569,1.37311402293555,-3.91328507514381,0.910958816811102,-3.19312924900403,3.02227035332027
1,-2,-3.24908223299953,-3.61303358972727,3.05633876688413,0.361351099897544,-3.87698658501737,0.938149157440908,-3.27103109464695,3.0407815087189
1.02,-2,-3.33307160799451,-3.82542814256142,3.03178543920159,0.958907631541517,-3.83646268985332,0.9493459911524,-3.34817108036344,3.0596815476793
1.04,-2,-3.40209935870199,-4.82867696475,3.09469507214579,1.7382865611644,-3.79285875180721,0.945510835388868,-3.42447725059718,3.07866165694221
1.06,-2,-3.52621868658451,-4.01319509220932,3.10131690164816,0.902304549127264,-3.74788463362889,0.928297432199708,-3.49988248646459,3.09741836122845
1.08,-2,-3.56262716239036,-3.77961929182681,3.13078725411088,1.36866034216429,-3.70228893702884,0.898623007456274,-3.57437861998629,3.11570245440826
1.1,-2,-3.67740345825759,-4.20381472956733,3.15606331533473,1.03765954729067,-3.6568999572855,0.85763425445373,-3.64797448531715,3.13328674933491
1.12,-2,-3.73077975157305,-2.85681704023073,3.1722936360025,0.0289732367910078,-3.61309190351571,0.807120900808635,-3.72067560188491,3.14995291137178
1.14,-2,-3.79167613986681,-3.00710222471012,3.15722224480637,-0.115251479833756,-3.57176363321553,0.748560932799186,-3.79251796443637,3.16552223244925
1.16,-2,-3.85106384056146,-3.48379372523056,3.16768357680915,1.88143863202878,-3.53338223494148,0.68316960775682,-3.8635636175985,3.1798498073063
1.18,-2,-3.93102788887604,-3.95445204292948,3.23247979008753,0.821233825980705,-3.4984643568297,0.612297190853854,-3.93387737762821,3.19281249571566
1.2,-2,-4.00924192227864,-3.97339532360534,3.20053292984838,-1.10705101446653,-3.46743119512878,0.537282532956965,-4.00353062072334,3.2043142718453
1.22,-2,-4.08996370182025,-3.43299710435609,3.18819774950886,0.583599859485973,-3.44043754373858,0.459292783580077,-4.07260587627656,3.21428772276858
1.24,-2,-4.14656180645288,-2.17030396937101,3.22387692422782,0.169924218203554,-3.41773303300163,0.379648552452646,-4.14118182384381,3.22268038244403
1.26,-2,-4.17677586059509,-3.36375520585033,3.19499471823701,-0.359484666293075,-3.3993554597404,0.29949403903667,-4.20934191800047,3.22946785467779
1.28,-2,-4.28111201468689,-4.37338354283936,3.2094975375761,1.23311950735635,-3.3850003065696,0.219665474069074,-4.27717830228585,3.23465740863068
1.3,-2,-4.35171120230867,-2.87299788291238,3.24431949853126,1.06901182415416,-3.37460520258174,0.141226665323616,-4.34477043270118,3.23826577660894
1.32,-2,-4.39603193000339,-2.64190099778674,3.25225801054226,-1.02672838497592,-3.36816159505824,0.0652786491156451,-4.41219144208975,3.2403257456718
1.34,-2,-4.45738724222014,-2.97355575455156,3.20325036313222,-1.01843116203558,-3.36539248555116,-0.00737675214550826,-4.4795181884774,3.24089567494512
1.36,-2,-4.51497416018545,-3.81751648351576,3.21152076406084,1.54998843227252,-3.3658950306242,-0.0761100125999625,-4.54682599516351,3.24005364761687
1.38,-2,-4.61008790156077,-3.77383249441554,3.26524990042312,0.905960506098824,-3.36952032356283,-0.140107328610017,-4.61417587812031,3.23788371929917
1.4,-2,-4.66592745996207,-4.55282394276315,3.24775918430479,-0.771817317015033,-3.3760201759646,-0.198723618943236,-4.68162639980606,3.23448586304402
1.42,-2,-4.79220085927129,-4.53862927778141,3.23437720774252,-1.10645454718582,-3.38505435476487,-0.251499215792408,-4.74923238873479,3.22997275200681
1.44,-2,-4.84747263107333,-2.08384896962812,3.20350100241736,-0.34304578003661,-3.39631753303583,-0.29804110251238,-4.81704066675397,3.22446395857147
1.46,-2,-4.87555481805642,-1.94368922295531,3.22065537654106,-0.177157652542026,-3.40949630844791,-0.33804233829818,-4.88509337395715,3.21808923535904
1.48,-2,-4.92522019999154,-3.59537101477563,3.19641469631568,-0.99252836004986,-3.42422285174125,-0.371349740911801,-4.95342843598515,3.21098486615637
1.5,-2,-5.01936965864744,-3.27121386218692,3.18095424213906,-0.301064130952922,-3.44021353142152,-0.397849795311662,-5.02207386362103,3.2032848534629
1.52,-2,-5.05606875447902,-3.52790148948638,3.18437213107756,0.475293528578402,-3.45726999880809,-0.417465924122363,-5.09104783750404,3.19512077403862
1.54,-2,-5.1604857182269,-3.81552265174505,3.1999659832822,-0.384480911759466,-3.47513044567524,-0.430265843937229,-5.16036637589034,3.18662689788199
1.56,-2,-5.20868966054882,-3.65909980757084,3.16899289460718,-0.984398683594812,-3.49333098316663,-0.436598647898943,-5.23004793348135,3.17794493175069
1.58,-2,-5.30684971052973,-4.2018730390103,3.16059003593841,-0.355042182593457,-3.51157089886134,-0.436756657472104,-5.30010009493295,3.16920507576084
1.6,-2,-5.37676458210923,-3.62048594423809,3.15479120730345,0.299309575553552,-3.52975973374231,-0.430927340293307,-5.37051817661516,3.16052346650084
1.62,-2,-5.45166914829925,-2.99575668857917,3.17256241896055,-0.0987532956254644,-3.54784702530798,-0.419340121162025,-5.44129208710774,3.15200831129589
1.64,-2,-5.4965948496524,-3.08264388722523,3.15084107547843,-1.30994667292522,-3.56541793752471,-0.402631695470746,-5.51242176500995,3.14377581115156
1.66,-2,-5.57497490378826,-4.01207845245235,3.12016455204354,-0.710957813916002,-3.58217627664754,-0.381393441901759,-5.5838996458124,3.13592929914427
1.68,-2,-5.65707798775049,-2.93699597662442,3.12240276292179,-0.409310146606889,-3.5980356440039,-0.356070120714754,-5.65570818722523,3.12855389495631
1.7,-2,-5.69245474285324,-4.61695537287108,3.10379214617927,-0.643093679501316,-3.61307141976346,-0.327002388878304,-5.72782171871062,3.12171826036989
1.72,-2,-5.84175620266534,-4.70073650851108,3.09667901574173,-0.225991141506576,-3.62707059598482,-0.294838474966489,-5.80022305708672,3.11549219846887
1.74,-2,-5.88048420319368,-1.86181760289097,3.094752500519,-0.334189905193671,-3.63981628829772,-0.260270591077226,-5.87289290829457,3.10993606549339
1.76,-2,-5.91622890678098,-4.61677779092564,3.08331141953399,0.0688936794593031,-3.65121167210853,-0.223890446432466,-5.9458067626533,3.10509393652435
1.78,-2,-6.06515531483071,-4.90764761087068,3.09750824769737,-0.165238733720596,-3.66125655534256,-0.186207830331028,-6.01893590497888,3.10099430676057
1.8,-2,-6.1125348112158,-2.38235239829672,3.07670187018516,-0.457853164245614,-3.66992455334666,-0.147761304130814,-6.09225205664074,3.09765527240537
1.82,-2,-6.16044941076258,-3.20207656836706,3.07919412112755,-0.16977567326405,-3.6771070913617,-0.109178518945345,-6.16572842468725,3.0950884357084
1.84,-2,-6.24061787395049,-4.07152830274768,3.0699108432546,0.582402027663464,-3.68285392451048,-0.0709379796956762,-6.2393317764946,3.09328909282291
1.86,-2,-6.32331054287249,-4.10951992080413,3.10249020223409,0.257409001459163,-3.68715750378841,-0.0335461279375961,-6.31303188209609,3.09224446105197
1.88,-2,-6.40499867078265,-3.51535734765978,3.08020720331297,-0.924456518000794,-3.68994797997422,0.00245831279740708,-6.3868017157821,3.09193387850293
1.9,-2,-6.46392483677888,-2.84200161838235,3.06551194151406,0.0125497893094684,-3.69115754260348,0.0365617005893336,-6.46061486408237,3.09232724336938
1.92,-2,-6.51867873551794,-3.95738342138556,3.08070919488535,0.21122585437775,-3.69091463289892,0.0684518922591852,-6.53443794576712,3.09338134741705
1.94,-1.95133883107583,-6.6222201736343,-3.74751111543392,3.07396097568917,0.0592401624892158,-3.67891541760867,0.087865246701812,-6.60820859916245,3.09501610999075
1.96,-1.65855086924149,-6.6685791801353,-3.83855418475409,3.08307880138492,0.513147215108478,-3.54040900630277,-0.0146809527608465,-6.68076863815962,3.09609874338324
1.98,-0.898153645589719,-6.77576234102446,-3.73876324445859,3.09448686429351,0.893101436003263,-3.04933515568839,-0.451304279116727,-6.74748384523969,3.09220864704891
2,0.312071878846572,-6.81812970991365,-1.30229304725511,3.11880285882505,-1.91728068117646,-1.99204890140105,-1.41329132181425,-6.79887259561163,3.07445068188497
2.02,1.4930602863464,-6.82785406291467,-0.336179817708837,3.01779563704645,-3.55379162200891,-0.504684654048674,-2.7445989489758,-6.82417464638803,3.03309596666126
2.04,2.19964946228317,-6.831576902622,1.31822285226633,2.97665119394469,-3.72393469900424,0.888227387300556,-3.91535777100267,-6.81973051818827,2.96578093753419
2.06,2.45870541567344,-6.77512514882401,1.77092722323835,2.86883824908628,-5.12056497373975,1.77594979560856,-4.52462084425332,-6.79214611008603,2.88035569048408
2.08,2.5,-6.76073981369246,1.6891350854995,2.7718285949951,-4.30514413214513,2.174763661126,-4.59819028273031,-6.75206043099109,2.7884557403324
2.1,2.5,-6.70755974540403,2.21326854470609,2.69663248380047,-3.34889837832391,2.29870366542496,-4.35249477501305,-6.70697291509813,2.69853721029561
2.12,2.5,-6.67220907190422,1.83615891669098,2.63787265986214,-4.00509550023618,2.32244913591312,-3.95692566291257,-6.66068935467004,2.61528543602883
2.14,2.5,-6.6341133887364,2.75720762830705,2.53642866379103,-3.36260941071966,2.32735052887844,-3.49311549458318,-6.6141889401411,2.54070449680834
2.16,2.5,-6.56192076677194,2.78345595452192,2.50336828343336,-2.45554239219871,2.3437285386234,-2.99473285835435,-6.56751297594864,2.47578556562965
2.18,2.5,-6.52277515055552,1.40913391685142,2.43820696810308,-2.6912491156609,2.38035614657532,-2.47674478777518,-6.52030318507917,2.42104409571644
2.2,2.5,-6.50555541009788,1.93383306580903,2.39571831880692,-2.83484083219162,2.43749358902959,-1.94700979866743,-6.47215369735314,2.37678892254268
2.22,2.5,-6.44542182792316,3.47566676324813,2.32481333481541,-2.15710649335218,2.51137662368547,-1.41051348989982,-6.42268392784674,2.34319973523608
2.24,2.5,-6.36652873956796,3.26004918825329,2.30943405907283,0.277863190566574,2.59721123755216,-0.871653574504625,-6.37161402866123,2.32037782517908
2.26,2.5,-6.31501986039303,3.34674624175704,2.33592786243808,-0.00268389645423639,2.690061310965,-0.334655649795428,-6.31875415660581,2.30832806512593
2.28,2.5,-6.23265888989768,2.87844390841809,2.30932670321466,-0.684698359431368,2.78491503039372,0.196419133951443,-6.26399811255667,2.30695361517586
2.3,2.5,-6.1998821040563,1.77219817355878,2.30853992806082,0.652600512101453,2.87768817673297,0.71721511462942,-6.20733567487381,2.31607493057198
2.32,2.5,-6.16177096295532,2.59482696338744,2.33543072369872,1.30616252300172,2.96618411980816,1.22220888223244,-6.14887588577502,2.33547512697684
2.34,2.5,-6.0960890255208,3.69442153466479,2.36078642898089,1.65101877006378,3.04935748120396,1.70548835601551,-6.08872515445814,2.36480006682853
2.36,2.5,-6.01399410156873,3.23812477574952,2.40147147450127,1.5413848474864,3.12725005607253,2.16084780173003,-6.02697445728875,2.40354711236175
2.38,2.5,-5.96656403449082,3.06185034019473,2.42244182288035,1.54693089842467,3.2009908131335,2.58178783162388,-5.96369933780021,2.45106512560776
2.4,2.5,-5.89152008796094,2.95806523990925,2.46334871043826,3.72156003962381,3.27358563023121,2.96078804820582,-5.89897145267052,2.50658402053338
2.42,2.5,-5.84824142489445,3.3831231451712,2.5713042244653,4.82799696733078,3.35120660569034,3.28755630173437,-5.83276157123616,2.56918383349779
2.44,2.5,-5.7561951621541,3.91445510728656,2.65646858913149,3.62471905535217,3.43981031495506,3.5521659036081,-5.76486721758628,2.63768477252425
2.46,2.5,-5.69166322060299,3.91126579353114,2.71629298667939,2.74963427372054,3.54594627250708,3.74483462044923,-5.69501600696746,2.71075894479463
2.48,2.5,-5.59974453041285,3.84221332115664,2.76645396008031,3.95870909611116,3.67550530769485,3.85716985759767,-5.62284506002812,2.78692177569034
2.5,2.5,-5.53797468775673,2.58133979603696,2.87464135052383,4.17251937559796,3.82674065613701,3.88944249132688,-5.54785266266747,2.8645148729513
2.52,2.5,-5.49649093857137,3.0679845800089,2.93335473510423,3.50121417181601,3.99125009748018,3.85078121531992,-5.4696794791607,2.94201640263758
2.54,2.4459320345287,-5.41525530455637,4.88564708181245,3.01468991739647,4.09660850405151,4.14343477395575,3.76930153054774,-5.3882838505165,3.01825777642683
2.56,2.12061207693499,-5.30106505529887,5.38659436834759,3.09721907526629,3.96525332751951,4.13989056215036,3.78809468683775,-5.30497410196383,3.0934541734237
2.58,1.27572627287747,-5.19979152982247,3.69301283771115,3.17330005049725,3.60201926385871,3.7209093437076,4.15769148420655,-5.22543288135518,3.17208729487908
2.6,-0.0689687542739694,-5.15334454179043,2.76153383695947,3.24129984582064,4.30438411888066,2.69472628778982,5.04095618873498,-5.16047789454587,3.26344554136532
2.62,-1.38117809594045,-5.08933017634409,1.37645644346007,3.34547541525248,6.74162021302457,1.33388174612332,6.12923708082794,-5.12001191888835,3.37523222396073
2.64,-2.16627718031464,-5.09828628405202,-0.391979781961571,3.51096465434162,7.69565986612101,0.254917067916518,6.80346479924281,-5.10493863451297,3.50556987388413
2.66,-2.45411712852605,-5.10500936762255,-0.579616535438277,3.65330180989732,7.21167304883163,-0.325215207817497,6.87661227289762,-5.10637630520815,3.6432521984902
2.68,-2.5,-5.12147094546956,-0.225745451444936,3.79943157629489,6.12919647728428,-0.576815217479595,6.54477985191159,-5.11573312728359,3.77793216681004
2.7,-2.5,-5.11403918568035,-0.249894606519985,3.89846966898869,5.51754461631904,-0.696109065557583,6.01071256234975,-5.12858412127205,3.90371647641185
2.72,-2.5,-5.13146672973035,-0.505359998160593,4.02013336094765,5.50174940448586,-0.797805860682276,5.38593046402199,-5.14350372522491,4.01778558181414
2.74,-2.5,-5.13425358560677,-1.03483224006939,4.11853964516812,4.27612029094138,-0.923445724838676,4.71405049046243,-5.16066137467192,4.11884512103152
2.76,-2.5,-5.17286001933313,-2.06423436990262,4.19117817258531,3.55659598995202,-1.08340288608102,4.01192903155051,-5.18067258266609,4.20614813527729
2.78,-2.5,-5.21682296040288,-1.83634987503751,4.26080348476621,3.62707095225201,-1.27611762831137,3.2879955270938,-5.20421876839686,4.27917803492425
2.8,-2.5,-5.24631401433463,-0.885120641833592,4.33626101067539,2.49540563102064,-1.49418300953388,2.54758107569531,-5.23190341272879,4.33756386636877
2.82,-2.5,-5.25222778607622,-1.01863782338041,4.36061971000703,1.6829603648606,-1.7270389449631,1.7954974788267,-5.26412514243972,4.38102025817197
2.84,-2.5,-5.28705952726985,-3.0223046358772,4.40357942526981,1.92939796618754,-1.96327001982172,1.03669267077244,-5.30103290385171,4.40934963479312
2.86,-2.5,-5.37311997151131,-2.66708968616216,4.43779562865453,1.24020530237814,-2.19171055537805,0.276208946873767,-5.34258211731212,4.42246772542034
2.88,-2.5,-5.39374311471633,-1.75384356068835,4.45318763736494,-1.03741049530421,-2.40145527952029,-0.480814658374884,-5.38853520290835,4.42040373039051
2.9,-2.5,-5.44327371393884,-2.88737250958719,4.39629920884236,-2.08636258043775,-2.58280444406713,-1.22936772706428,-5.43847069857438,4.40330456076291
2.92,-2.5,-5.50923801509982,-3.21995012763301,4.36973313414743,-1.36715203951712,-2.72975142605307,-1.96487766597825,-5.49169766525954,4.37136722660276
2.94,-2.5,-5.57207171904416,-2.64387854971038,4.34161312726168,-2.7185573669547,-2.83885802961079,-2.68270276719357,-5.54743964078067,4.32486689395617
2.96,-2.5,-5.61499315708824,-2.39386381925235,4.26099083946924,-4.98172467147211,-2.90906500158203,-3.37810903655066,-5.60494429411242,4.2641977926225
2.98,-2.5,-5.66782627181426,-3.23905501734181,4.14234414040279,-4.06051319119731,-2.94169229314416,-4.04627028137899,-5.66348346398392,4.18987323345978
3,-2.5,-5.74455535778191,-2.65268809753547,4.09857031182135,-2.80150211741681,-2.94069568726616,-4.68186670969774,-5.7223700748729,4.10254317674574
3.02,-2.5,-5.77393379571568,-2.52184151445871,4.03028405570612,-4.94887495799273,-2.91475392246894,-5.27535417831195,-5.78101011775706,4.00296837994029
3.04,-2.5,-5.84542901836026,-2.89632268116127,3.90061531350164,-5.94144632468731,-2.87756074428132,-5.81236292588216,-5.83885489256892,3.89189129164889
3.06,-2.5,-5.88978670296213,-3.10226955494948,3.79262620271863,-6.95832327742373,-2.85421400130702,-6.26484669781415,-5.89598912795811,3.7707846152647
3.08,-2.5,-5.96951980055824,-2.91508494611754,3.62228238240469,-7.41763185212066,-2.88226660059484,-6.58955602401281,-5.95321896304907,3.64195895727069
3.1,-2.5,-6.00639010080683,-2.56405567091196,3.4959209286338,-5.7277014683199,-3.01172650763867,-6.72803821888207,-6.01207194744104,3.50856282723965
3.12,-2.5,-6.07208202739471,-2.60993243459438,3.39317432367189,-5.83365466682378,-3.29550131185259,-6.61670775347419,-6.07486991518738,3.3746755041242
3.14,-2.46755922071722,-6.1107873981906,-3.14281328667232,3.26257474196085,-7.24864505580399,-3.68258125481528,-6.30200047648534,-6.14462117661354,3.2452964110968
3.16,-2.27236724616099,-6.19779455886161,-5.19586522012483,3.10322852143973,-6.96939424772589,-3.98921903079475,-5.97403961997696,-6.22168591929271,3.1227383095368
3.18,-1.76543576372648,-6.3186220069956,-4.694823018628,2.98379897205182,-5.35962682300318,-3.98986626237551,-5.8655733035486,-6.30195037152759,3.00468333191683
3.2,-0.958618747435618,-6.38558747960673,-3.44781810871033,2.8888434485196,-4.74334628653783,-3.59921348130378,-6.04400036831594,-6.37851499905031,2.88605258043553
3.22,-0.171293142435731,-6.45653473134401,-2.32026688942977,2.7940651205903,-6.7607448908494,-3.02494268594741,-6.2829538484992,-6.44483394858944,2.76264547769791
3.24,0.299766308188782,-6.47839815518392,-1.51197941647214,2.61841365288563,-6.71560146463351,-2.52651825373403,-6.32392437629775,-6.50011516832486,2.63615671924364
3.26,0.472470277115628,-6.51701390800289,-3.31622139022334,2.52544106200496,-6.42914391689858,-2.20646607219129,-6.08922938862101,-6.54719167828394,2.51162210535971
3.28,0.5,-6.61104701079285,-3.53184579230144,2.36124789620968,-6.65911858998437,-2.018670092015,-5.64740208315222,-6.58928963899437,2.3939850191554
3.3,0.5,-6.65828773969495,-0.859731771484351,2.25907631840559,-4.17898812574053,-1.89187528898732,-5.07949756058915,-6.62833154336108,2.28655379684089
3.32,0.5,-6.64543628165223,-1.32399770680558,2.19408837118006,-3.50810854156768,-1.77608847187548,-4.43909923453543,-6.66502061347353,2.19127448584184
3.34,0.5,-6.71124764796718,-2.13839288463988,2.11875197674288,-3.69360457518393,-1.65109429100686,-3.75263639289272,-6.69930712325999,2.1092921469405
3.36,0.5,-6.73097199703782,-1.30585680533606,2.04634418817271,-3.44613253427402,-1.51139980872208,-3.034176071158,-6.73095908440033,2.04137928659662
3.38,0.5,-6.76348192018062,-1.06298748720237,1.98090667537192,-2.7885263286302,-1.35922806689864,-2.29283896149235,-6.75968036539638,1.98807480163406
3.4,0.5,-6.77349149652592,-0.939986852632213,1.9348031350275,-1.24433329050194,-1.20064355111147,-1.53572019259976,-6.7852801493992,1.94976806595693
3.42,0.5,-6.80108139428591,-0.787403782833906,1.93113334375184,-0.222838299747397,-1.04417870047478,-0.768692267579223,-6.80771823029259,1.92671439861126
3.44,0.5,-6.80498764783927,-0.999097318596509,1.9258896030376,0.508060510137937,-0.900001065528145,0.00340584099718788,-6.82712226068315,1.9190534879961
3.46,0.5,-6.84104528702977,-0.790944863369036,1.95145576415736,0.510133662030615,-0.778338775959919,0.776361353063867,-6.84385634104516,1.92684751188344
3.48,0.5,-6.83662544237403,-0.603659445803451,1.94629494951883,0.823728039772414,-0.688932384813534,1.54695901807181,-6.85847436811291,1.95008907013762
3.5,0.5,-6.8651916648619,-1.31387321076979,1.98440488574826,3.02566751914838,-0.640813114810129,2.31308368147828,-6.87170134797136,1.98870440740161
3.52,0.5,-6.88918037080483,-1.38835393089074,2.06732165028476,2.82002587760554,-0.641808809479053,3.07337208639628,-6.88442388439201,2.0425664717198
3.54,0.5,-6.92072582209753,-0.183814521885273,2.09720592085248,2.61638602955784,-0.698781274664499,3.8274816839273,-6.8977318240969,2.11158417993875
3.56,0.5,-6.89653295168024,-0.469408179581476,2.17197709146708,4.90882386199627,-0.815557529436153,4.5735083158035,-6.91278820065215,2.19562123722442
3.58,0.5,-6.93950214928079,-2.09866211428003,2.29355887533233,6.27640061331215,-0.9917797965319,5.30679008050931,-6.93076738262477,2.29445470700921
3.6,0.5,-6.98047943625144,-0.549352950693782,2.42303311599956,5.31038971741901,-1.21902563395964,6.0159992510957,-6.95279425642674,2.40772775239184
3.62,0.5,-6.96147626730854,-1.31590620151818,2.50597446402909,7.08817458003438,-1.46554908326668,6.66810265439151,-6.97967740091369,2.53473372424033
3.64,0.5,-7.03311568431216,-2.49131975347558,2.70656009920094,7.96758361638009,-1.6495191919854,7.18114611057574,-7.01103135837582,2.67355738957134
3.66,0.5,-7.06112905744757,-0.798675287685535,2.82467780868429,6.79190046616825,-1.61798132135223,7.39994094246873,-7.04421959484784,2.82001945959459
3.68,0.5,-7.06506269581959,-1.00103563804781,2.97823611784767,6.35406078133648,-1.21277932118117,7.15491954908134,-7.07320438716486,2.96641237231512
3.7,0.5,-7.10117048296948,-0.460210635202052,3.07884023993775,5.96739693425522,-0.487799754131771,6.48434826038457,-7.09053613380817,3.10331167195843
3.72,0.5,-7.08347112122767,0.725102191257898,3.21693199521788,5.81683356708721,0.265978683721429,5.67869063975282,-7.09254023127421,3.22489681893558
3.74,0.516220389641391,-7.07216639531916,0.786808718296927,3.31151358262124,5.04640177285477,0.853723542037661,4.94714392112632,-7.08105665635002,3.33100586258813
3.76,0.613816376919503,-7.05199877249579,1.14242302224512,3.41878806613207,5.35770444492075,1.29195212905013,4.29084063246215,-7.05943294135464,3.4233262635543
3.78,0.86728211813676,-7.02646947442936,0.587999653736149,3.52582176041807,3.97178433117154,1.68074074338189,3.63011643977156,-7.02971281670028,3.50261284137883
3.8,1.27069062628219,-7.02847878634635,1.91570421936149,3.57765943937893,1.85951597796022,2.10914457306812,2.90064095525117,-6.99190923642562,3.56804497060803
3.82,1.66435342878213,-6.9498413056549,3.36314781364544,3.60020239953648,1.66214343432534,2.58549655084688,2.11435952861235,-6.94498954296706,3.61822599709542
3.84,1.89988315409439,-6.89395287380053,3.39551186280687,3.64414517675194,1.28316932389162,3.04524281241196,1.34310216884033,-6.88858492953133,3.65270691398995
3.86,1.98623513855781,-6.81402083114263,4.13121084555981,3.65152917249214,1.32084550226281,3.43069309060355,0.644615544665589,-6.823704456306,3.67246275917179
3.88,2,-6.72870443997814,3.53606491482399,3.69697899684245,-0.253601416886629,3.73093997436718,0.0321994050112112,-6.75197898696793,3.67911581198317
3.9,2,-6.67257823454967,3.24901745985993,3.64138511581668,-1.60215338093658,3.96274942376485,-0.505469131861805,-6.67499221576229,3.67431572054628
3.92,2,-6.59874374158374,3.81243803783,3.63289286160499,1.04056135058443,4.14619906178752,-0.981821745645061,-6.59379217040116,3.65930762197554
3.94,1.98377961035861,-6.52008071303647,3.97028113854043,3.68300756984006,-1.09180819968471,4.29487119636636,-1.4050289026881,-6.50930487198627,3.63532873135797
3.96,1.8861836230805,-6.43993249604212,4.82773548929105,3.5892205336176,-2.96046666900136,4.3869711599351,-1.75396616713786,-6.42235936845981,3.60358841609228
3.98,1.63271788186324,-6.32697129346482,4.40471105559523,3.56458890308,-0.776009993265436,4.35751104007243,-1.9725417275343,-6.33462638057757,3.56603128602747
4,1.22930937371781,-6.26374405381831,4.51589443852436,3.55818013388698,-1.88860973437962,4.12289187176148,-1.99009540123576,-6.24944231991336,3.52602869052559
4.02,0.835646571217865,-6.14633551592385,3.67052582256235,3.48904451370482,-2.70311269733486,3.67786625630927,-1.80629971813144,-6.17125579394539,3.4878654640489
4.04,0.600116845905609,-6.11692302091582,2.60622615977542,3.45005562599359,-1.02654193670995,3.12722353163969,-1.51803019678636,-6.1031046434105,3.45453444100123
4.06,0.513764861442186,-6.04208646953283,3.56349589860454,3.44798283623642,-0.795950215763686,2.62447797463138,-1.26484457694895,-6.0457077601045,3.42681593729519
4.08,0.5,-5.97438318497164,2.05173417833373,3.41821761736304,-1.65280462749468,2.24681618584549,-1.11614423801132,-5.99713279920385,3.40311719844366
4.1,0.5,-5.96001710239948,1.54389964818169,3.38187065113663,-0.781996122867157,1.98280332372776,-1.06013270068495,-5.95504459497489,3.38152246439663
4.12,0.5,-5.91262719904437,1.89958400131556,3.38693777244836,-1.10119184942483,1.79708748993808,-1.06252389106377,-5.91735941247092,3.36037522321582
4.14,0.5,-5.88403374234686,0.859561338834447,3.33782297715964,-1.55293400625404,1.65961872526361,-1.09390713398671,-5.88284561900138,3.33883294379762
4.16,0.5,-5.87824474549099,1.65072939546136,3.3248204121982,-0.716564149711385,1.55255714221644,-1.1362940720739,-5.85078503928108,3.31655766217497
4.18,0.5,-5.81800456652841,2.41718404693947,3.30916041117118,-0.609785856301615,1.46162083928153,-1.17519398673078,-5.82065582377595,3.29342264254919
4.2,0.5,-5.78155738361341,1.52337852330633,3.30042897794613,-1.89500029184682,1.37988992197647,-1.20319548915272,-5.79225932693047,3.26962311005315
4.22,0.5,-5.75706942559615,0.967631939639468,3.23336039949731,-2.3816191541323,1.30191826196178,-1.21461626481273,-5.76543737520101,3.24540711348881
4.24,0.5,-5.74285210602783,1.17561680597127,3.20516421178084,-1.0173760719151,1.2262922876093,-1.20788972928929,-5.74016156985282,3.22115431862306
4.26,0.5,-5.7100447533573,0.648263536803984,3.19266535662071,-0.628735647684375,1.15201464825165,-1.18222871472765,-5.71638415605356,3.19722498762095
4.28,0.5,-5.71692156455567,1.05974840174927,3.18001478587346,-1.39251832464399,1.07935666850176,-1.13839647807697,-5.6940693443822,3.17398462402295
4.3,0.5,-5.66765481728733,1.43674458664917,3.13696462363495,-1.2025632448623,1.00962980548816,-1.07846058878258,-5.67318810717649,3.15179429499843
4.32,0.5,-5.65945178108971,1.35505085519028,3.13191225607897,-0.991457481212876,0.94320860390872,-1.00389473691894,-5.65365903836357,3.1309418398656
4.34,0.510813593094261,-5.61345278307972,1.20495112386996,3.09730632438643,-0.523524783548035,0.883536504123052,-0.919375220794108,-5.63539845187862,3.11168938060314
4.36,0.575877584613002,-5.61125373613491,-0.0488310654315649,3.11097126473705,-1.04000964300864,0.858530791628991,-0.853018632512359,-5.61809653322856,3.0940553382865
4.38,0.744854745424507,-5.61540602569698,-0.0296835842323206,3.05570593866609,-1.55235258990755,0.914462324091602,-0.850097306713698,-5.60052637795623,3.07715722541264
4.4,1.01379375085479,-5.6124410795042,1.01809071053256,3.04887716114075,-0.876339375423352,1.10328836545565,-0.959346677407933,-5.58056442096579,3.05924083406654
4.42,1.27623561918809,-5.57468239727568,2.01859832092186,3.02065236364915,-0.578581771909359,1.39478635393895,-1.14932149210746,-5.55569879884002,3.0382310580005
4.44,1.43325543606293,-5.53169714666733,2.23718799890495,3.02573389026437,-0.759542243139733,1.68395476268471,-1.31660972690538,-5.52480214100086,3.0134329582729
4.46,1.49082342570521,-5.48519487731948,1.94923246459207,2.99027067392356,-2.30648481957108,1.88781932755841,-1.38048525044899,-5.48894498317816,2.98629026528632
4.48,1.5,-5.45372784808364,1.67652114489336,2.93347449748153,-1.85269759124601,1.99273338079039,-1.32878878176248,-5.45001345574525,2.95904166778292
4.5,1.5,-5.41813403152375,1.4951628186761,2.91616277027372,-0.259580630576872,2.02770056488544,-1.19113706621169,-5.40970859935937,2.9337179073757
4.52,1.5,-5.3939213353366,1.28545439724961,2.92309127225846,-0.834906554388914,2.03029995377621,-1.00573374846463,-5.36910308459737,2.91169827420943
4.54,1.5,-5.36671585563376,3.34124995182365,2.88276650809817,-0.487046826075233,2.01969699117947,-0.793985782249192,-5.32858278892761,2.89366244617219
4.56,1.5,-5.26027133726365,2.95898969983093,2.90360939921545,-0.379211034831217,2.00723462142563,-0.56993394304135,-5.28832178774263,2.88001576667134
4.58,1.5,-5.24835626764053,0.784884221108362,2.86759806670492,-0.557896562039017,1.99766233389663,-0.341703255989038,-5.24827465539676,2.87089329456874
4.6,1.5,-5.22887596841932,2.38962256709738,2.88129353673389,-0.511412889632246,1.99399396645148,-0.115691076822655,-5.20837205866683,2.86632968480883
4.62,1.5,-5.15277136495663,2.26508197560411,2.84714155111963,0.135877089545655,1.99708698988762,0.103671186159505,-5.16847502153173,2.8662255367819
4.64,1.5,-5.13827268939515,1.97035163877073,2.88672862031571,0.409377510367748,2.00727033008646,0.312579450958083,-5.12843781827879,2.87040382497579
4.66,1.5,-5.0739572994058,2.37042334829842,2.86351665153434,-0.539622186450595,2.02495292886207,0.507391426773298,-5.08813162204018,2.87863317055874
4.68,1.5,-5.04345575546322,1.87945079710359,2.86514373285769,1.13789795439471,2.04981400358713,0.685288127526027,-5.04739786600941,2.89059212820594
4.7,1.5,-4.99877926752166,1.94686259039814,2.90903256971013,1.7907702810972,2.08162100684181,0.843688955571868,-5.00608969186482,2.90591156516533
4.72,1.5,-4.96558125184729,1.79420238065884,2.93677454410158,0.537937221429841,2.12053186686566,0.980045845862871,-4.96408754916636,2.92419616321305
4.74,1.5,-4.92701117229531,1.5411504619308,2.93055005856732,0.742980783795244,2.16591200677302,1.09287007070123,-4.92124953658626,2.94498214258911
4.76,1.5,-4.90393523337006,1.86081300118606,2.96649377545339,0.90703841256603,2.21655026217766,1.18161588141742,-4.8774308373857,2.9677638691347
4.78,1.5,-4.85257865224786,2.81341755735753,2.96683159506996,1.6701420501298,2.27175517021119,1.24577653221041,-4.83253619606073,2.99206022425583
4.8,1.5,-4.79139853107576,2.31404860331774,3.03329945745858,1.98915086804423,2.33111518449361,1.28508977715474,-4.78651050784226,3.01740883378085
4.82,1.5,-4.76001670811515,2.68481000717837,3.04639762979173,0.947589577335417,2.39287526058545,1.30093396533822,-4.73927747740709,3.04331525626853
4.84,1.5,-4.68400613078862,2.65717526446103,3.07120304055199,1.13557912944326,2.45540386630606,1.29500110788794,-4.69079622645696,3.06931011962241
4.86,1.5,-4.65372969753671,1.91805548547628,3.09182079496946,1.67029103343768,2.51739298544423,1.26905594624244,-4.64106237249652,3.09497477796556
4.88,1.5,-4.60728391136957,3.04776026998359,3.1380146818895,1.48885989692629,2.57778001671952,1.22499769867236,-4.59010437196912,3.11993964999252
4.9,1.5,-4.53181928673737,3.32150671530191,3.15137519084651,0.412430134909747,2.63558665946748,1.1648898085895,-4.53796701247745,3.14386519522772
4.92,1.5,-4.4744236427575,2.38257140603277,3.15451188728589,1.11967080652574,2.68993111119256,1.09088430563038,-4.48470458114891,3.16644318438602
4.94,1.49459320345287,-4.43651643049606,2.48730494113452,3.19616202310754,0.929996416953038,2.7395299187813,1.00568999489495,-4.43040760083996,3.18743152972483
4.96,1.4620612076935,-4.37493144511212,2.47452010821241,3.19171174396401,1.04282120017449,2.77072242503952,0.923910870378668,-4.37526491683431,3.2067121583097
4.98,1.37757262728775,-4.33753562616756,2.25550850209291,3.23787487111452,1.32165190641277,2.75898128090256,0.870016299174413,-4.31985334088412,3.22456293338953
5,1.2431031245726,-4.2847111050284,2.35194300311488,3.24457782022052,0.131291562212077,2.68223147274948,0.86512024261828,-4.26536983751912,3.24186737090633
5.02,1.11188219040596,-4.24345790604297,2.95752517285144,3.243126533603,1.47289499529126,2.5506217395373,0.898112628531973,-4.21297388153538,3.25946109375988
5.04,1.03337228196854,-4.16641009811434,3.2791134862115,3.30349362003217,1.49177686005575,2.41547584063091,0.918859424138171,-4.16332675400205,3.27767176489162
5.06,1.0045882871474,-4.11229336659451,2.15226118963991,3.30279760800523,0.112447806052585,2.32157366563162,0.884730213775464,-4.11603439407249,3.295807098439
5.08,1,-4.08031965052875,2.46677994740563,3.30799153227428,1.18815671295543,2.27511675243352,0.791429036051266,-4.07013743810762,3.31265662542705
5.1,1,-4.01362216869828,3.74747167323567,3.35032387652345,0.799675317818804,2.26208701156437,0.654821021921344,-4.02480207566962,3.32717100954435
5.12,1,-3.93042078359932,1.62121322743611,3.33997854498703,0.0750532098971912,2.26628020368627,0.493119133229813,-3.97954217926795,3.33868498906634
5.14,1.00540679654713,-3.94877363960084,0.430341435393389,3.35332600491934,0.0256035451251635,2.27855875468805,0.317867530460353,-3.93410569999012,3.34681346254656
5.16,1.0379387923065,-3.91320712618358,2.91387197510765,3.34100268679204,-0.679967643656654,2.30465046477283,0.126747476825442,-3.88831189061309,3.35129776516303
5.18,1.12242737271225,-3.83221876059653,2.41347269906127,3.32612729917307,0.178811039744675,2.36491241990285,-0.0958050398015121,-3.84168993303256,3.35167177589917
5.2,1.2568968754274,-3.81666821822113,1.87611656291955,3.34815512838182,-0.104019332415772,2.4812846351189,-0.365891000876128,-3.79333468439076,3.34714218480358
5.22,1.38811780959405,-3.75717409807975,3.30580358022585,3.32196652587644,-0.330132582779941,2.64436632929373,-0.669453676454745,-3.74210671557559,3.33679402355216
5.24,1.46662771803146,-3.6844360750121,3.23254592626456,3.33494982507063,0.14726268618428,2.80803623086499,-0.95828560145098,-3.68755541705482,3.32046189007689
5.26,1.4954117128526,-3.62787226102917,2.66323999745052,3.32785703332381,-1.25916889966381,2.92456525599476,-1.18399554118634,-3.63013586670265,3.29891735632131
5.28,1.5,-3.57790647511408,3.71660283678741,3.28458306908407,-1.04125403114709,2.97932338870172,-1.33087957917309,-3.57099042669887,3.27363326945408
5.3,1.5,-3.47920814755767,3.58080811889925,3.28620687207793,-1.33867338831649,2.98199821853388,-1.40722927294478,-3.5113228345812,3.24616451056318
5.32,1.5,-3.43467415035811,2.79388637487442,3.23103613355141,-2.15422507384894,2.94839412829439,-1.4278394983393,-3.45195873847775,3.21772164560006
5.34,1.5,-3.36745269256269,2.79210213350573,3.20003786912397,-2.13748224257392,2.89342228243054,-1.40701610560035,-3.39351514650883,3.18931389204437
5.36,1.5,-3.32299006501788,2.36052175023768,3.14553684384846,-1.57334640805665,2.82645421395904,-1.3542289924934,-3.33630195082492,3.16165416913687
5.38,1.5,-3.27303182255319,2.9154647064114,3.13710401280171,-0.222684389409256,2.75482075939686,-1.27731017883751,-3.28048401923964,3.13530189409476
5.4,1.5,-3.20637147676142,2.30912773898249,3.13662946827209,-0.997727112558067,2.68383291230332,-1.18245483189393,-3.22610779883027,3.11068366827431
5.42,1.5,-3.18066671299389,2.37791000692478,3.09719492829938,-1.56098953275653,2.61630510385863,-1.07376435535139,-3.17310703990494,3.08809549643957
5.44,1.5,-3.11125507648443,2.46102817733335,3.07418988696183,-1.71899592307079,2.55492421472931,-0.95536907510777,-3.12140418858586,3.0677882698193
5.46,1.5,-3.08222558590055,2.64497899223138,3.02843509137655,-0.920628938485057,2.50069437049341,-0.830016120433165,-3.07085936969733,3.04992328337321
5.48,1.5,-3.00545591679518,3.15558145571593,3.03736472942242,-0.169706523580671,2.45422673032868,-0.700204466092887,-3.02132396995367,3.03461682641247
5.5,1.5,-2.95600232767192,2.10902273459965,3.02164683043333,-0.295798000131031,2.41565340683767,-0.568053823066266,-2.97264033559149,3.0219343436227
5.52,1.5,-2.92109500741119,1.55561560166468,3.02553280941718,-0.102389052902474,2.38485989171223,-0.435515070705737,-2.92464804372251,3.01189961171158
5.54,1.48918640690574,-2.89377770360533,2.57026321156845,3.01755126831723,-0.286534150605722,2.35883349260777,-0.301796673161559,-2.87721337927602,3.00452076233568
5.56,1.424122415387,-2.81828447894845,2.83399860682332,3.01407144339295,-0.748871308017041,2.31388264094723,-0.146472401219723,-2.83042324622721,2.99997394334788
5.58,1.25514525457549,-2.7804177593324,1.39078598790999,2.98759641599655,-0.895555963494488,2.20042935552133,0.0751027535231015,-2.78510903194574,2.99909814087043
5.6,0.986206249145206,-2.76265303943205,1.7023528044578,2.97824920485317,1.37328073684757,1.9691905771448,0.406292985117775,-2.74320940208748,3.00372634647691
5.62,0.72376438081191,-2.71232364715408,2.41599246556041,3.04252764547045,0.923190841422672,1.63820684373636,0.82451889750982,-2.70704031991816,3.01596274432253
5.64,0.566744563937073,-2.66601334080964,1.45598879608151,3.01517683851008,1.38110318408857,1.3067346510087,1.22804953089005,-2.67767854427571,3.03660355331792
5.66,0.509176574294791,-2.65408409531082,1.06348739930201,3.09777177283399,1.69030784594192,1.06644693320221,1.52219777236871,-2.65412326053055,3.06431821888469
5.68,0.5,-2.62347384483756,1.51803711425845,3.08278915234776,1.25113809873709,0.944506788103848,1.67580470406914,-2.63419889639447,3.09652344143453
5.7,0.5,-2.59336261074048,0.703411051476388,3.14781729678347,1.9426427127026,0.915134818439911,1.71121259496142,-2.61572256753445,3.13055834257585
5.72,0.5,-2.5953374027785,0.138481441985339,3.16049486085586,1.38096658578903,0.940360832019217,1.66490588280925,-2.59723849380464,3.16443522636519
5.74,0.5,-2.58782335306107,0.640021995225559,3.20305596021504,1.53239028289116,0.9934018996568,1.56411497517569,-2.57793223528235,3.19680002615214
5.76,0.5,-2.56973652296948,0.812713868325599,3.22179047217151,1.14308804044739,1.05769322650429,1.42714948148103,-2.55743355219572,3.22676427967727
5.78,0.5,-2.55531479832805,1.0873561372459,3.24877948183293,1.74123068327775,1.12322593978944,1.26646496061042,-2.53561791995206,3.25372955611663
5.8,0.5,-2.52624227747964,2.15791180991955,3.29143969950262,1.40116808716173,1.18495300063823,1.09002051564008,-2.51252837811859,3.27731656196196
5.82,0.5,-2.46899832593127,0.874874562120431,3.3048262053194,0.77108352163725,1.24009192669947,0.903688143589551,-2.48826722547196,3.29726767204131
5.84,0.5,-2.49124729499483,0.43484142054695,3.32228304036811,0.291679416835855,1.28748694452873,0.711824470763994,-2.46297614170555,3.31342775557788
5.86,0.5,-2.45160466910939,1.6978607781706,3.31649338199284,0.379311256080717,1.32695623633967,0.517875403305676,-2.43681994630871,3.3257264734286
5.88,0.5,-2.423332863868,1.12424300311983,3.33745549061134,0.968039120402442,1.35841785606566,0.325098808924691,-2.40995409382738,3.33415233271859
5.9,0.5,-2.40663494898459,1.61091338618151,3.35521494680893,-0.617239440559003,1.381993543601,0.136492450016926,-2.38253662368434,3.33875858427661
5.92,0.5,-2.35889632842074,1.66140973063911,3.31276591298898,-0.267841195470175,1.39780570200043,-0.0450499313898988,-2.35472608862173,3.33965914181326
5.94,0.510813593094261,-2.34017855975903,1.37554597395432,3.34450129899013,1.16118096258018,1.40755267483671,-0.218280364383892,-2.3266665301601,3.33701330026761
5.96,0.575877584613002,-2.30387448946257,2.01646268560463,3.35921315149218,-1.009448994401,1.43569325550337,-0.403349829637789,-2.29830524979279,3.33085244501966
5.98,0.744854745424507,-2.25952005233484,1.45550682669798,3.30412333921409,-1.59809422631608,1.52950673838414,-0.64126974445155,-2.26880382815421,3.3205302804956
6,1.01379375085479,-2.24565421639465,1.04743286039762,3.29528938243954,-0.729359483432379,1.74109477479291,-0.976156801485498,-2.236303595915,3.3045209984512
6.02,1.27623561918809,-2.21762273791894,2.35328911370984,3.27494895987679,-0.746073260933955,2.05230150191383,-1.38428851993754,-2.19846698820257,3.28096747083258
6.04,1.43325543606293,-2.15152265184625,2.67504878298369,3.26544645200218,-0.609117240183765,2.36309166801992,-1.76417248378508,-2.15422464297776,3.24934801884382
6.06,1.49082342570521,-2.11062078659959,2.61237097669306,3.25058427026944,-2.55606848103556,2.57652018578208,-2.01908253629815,-2.10463962022598,3.21127836183269
6.08,1.5,-2.04702781277853,3.15293842891364,3.16320371276076,-2.55285656844363,2.6629825735773,-2.11908155997587,-2.05204536260359,3.16965047274057
6.1,1.5,-1.98450324944305,2.59314496319102,3.14847000753169,-2.10304742785525,2.65227881997374,-2.09292206214003,-1.99878456407437,3.12737189539957
6.12,1.5,-1.94330201425089,2.13071184428151,3.07908181564655,-2.87353750481998,2.58742088289664,-1.98336222681006,-1.9463308207001,3.0865034910454
6.14,1.48918640690574,-1.89927477567179,2.74102357699757,3.0335285073389,-1.07929232018336,2.49647417495846,-1.81942000423047,-1.89543917319374,3.04837927166208
6.16,1.424122415387,-1.83366107117099,2.6235690022881,3.03591012283922,-0.931460059720601,2.3765131559045,-1.60091547167708,-1.846643874146,3.01407103744581
6.18,1.25514525457549,-1.79433201558026,2.47753498793739,2.99627010495007,-1.92171499051917,2.18977584060195,-1.29560494297616,-1.80081763823895,2.98491547383592
6.2,0.986206249145206,-1.73455967165349,1.32126611083363,2.95904152321845,-1.39108396724961,1.89853949598771,-0.87272730419242,-1.75979185620602,2.96306885483269
6.22,0.72376438081191,-1.74148137114692,0.558199266181181,2.94062674626009,0.211278260720638,1.52191590019845,-0.357591194289713,-1.72546476695729,2.95064028751262
6.24,0.566744563937073,-1.71223170100625,1.41989371344019,2.96749265364727,0.727373468500758,1.15302109233048,0.153806360293871,-1.69882187718653,2.94870425067266
6.26,0.509176574294791,-1.68468562260931,0.918790560115934,2.96972168500012,0.426930829838501,0.870255688402101,0.579030940437978,-1.67875458162354,2.95620333364933
6.28,0.5,-1.67548007860161,0.614168727158232,2.98456988684081,1.07028984037002,0.695281945517574,0.890609761549732,-1.66325474421239,2.97107252676403
6.3,0.5,-1.66011887352298,1.70134184755548,3.01253327861492,0.806106653053318,0.610317681480232,1.10011882708587,-1.65033535824104,2.99113981398358
6.32,0.5,-1.60742640469939,0.415509969139383,3.01681415296295,0.440406065584809,0.585551843700476,1.23225323933027,-1.63844856313068,3.01456768256396
6.34,0.521627186188522,-1.6434984747574,0.130659430019253,3.03014952123831,0.925705861799997,0.605186358270443,1.29993566053568,-1.62663653238377,3.04001815714219
6.36,0.651755169226004,-1.60220002749862,1.14596897365836,3.05384238743495,1.40326924509675,0.705010810534361,1.26810924660433,-1.61371867637144,3.06591287777851
6.38,0.989709490849013,-1.59765971581107,0.255910141423421,3.08628029104218,1.33202858352442,0.977626609305399,1.04959540829246,-1.59728607680915,3.08949898834772
6.4,1.52758750170959,-1.59196362184168,2.21872550844444,3.10712353077592,0.472847138050481,1.51201020089752,0.564608661911632,-1.57281865572349,3.10607181217906
6.42,2.05247123837618,-1.50891069547329,2.24527229204929,3.1051941765642,0.413358004787034,2.25360000579349,-0.123960217981598,-1.53536735820849,3.11067106426407
6.44,2.36651087212585,-1.50215273015971,1.77587914665555,3.12365785096741,-0.202231384964702,2.98308981710964,-0.793666794893296,-1.48279130337635,3.10127372300793
6.46,2.48164685141042,-1.43787552960707,3.89739331714339,3.09710492116561,-1.66013515277121,3.51776692558213,-1.2609989903605,-1.41740264067998,3.08033147826536
6.48,2.5,-1.34625699747398,3.48897931309615,3.05725244485656,-2.10461411640988,3.82215660393692,-1.48896736175949,-1.34363901140871,3.05245162091513
6.5,2.5,-1.29831635708323,3.36067055458601,3.01292035650922,-0.966235961636241,3.9580111429261,-1.53634815218113,-1.26565285994974,3.02198873957564
6.52,2.5,-1.21183017529053,4.88070081849779,3.01860300639111,-1.17807975125568,4.00000754583628,-1.47564349776125,-1.18594420083922,2.99171761005313
6.54,2.46755922071722,-1.10308832434331,4.69581223209989,2.96579716645899,-2.51106626466571,3.99074574167195,-1.34856796193921,-1.10594995464499,2.96336450001972
6.56,2.27236724616099,-1.02399768600654,3.79586986361864,2.91816035580448,-1.22768549658738,3.88649417360239,-1.11554076412252,-1.02694167418838,2.93847492327709
6.58,1.76543576372648,-0.951253529798568,3.38025715689218,2.91668974659549,-0.414084760972999,3.56672005613372,-0.664948926713582,-0.951927698068052,2.92019425743434
6.6,0.958618747435618,-0.888787399730852,4.01638488842826,2.90159696536556,0.275186267805194,2.90221891840884,0.121190081207554,-0.88661691017361,2.91415685128164
6.62,0.171293142435731,-0.790598134261438,1.74753759690246,2.9276971973077,0.52267986479031,1.92686041475763,1.20278821168398,-0.837964919673756,2.92706413031484
6.64,-0.299766308188782,-0.818885895854754,-0.551694161169822,2.92250415995717,2.96130808064923,0.882535067257142,2.33548590050406,-0.81000180584705,2.96261326366097
6.66,-0.472470277115628,-0.81266590070823,0.252873712669885,3.04614952053367,3.31648125026021,0.0476408947082849,3.23234941748877,-0.801204157345037,3.01885149161252
6.68,-0.5,-0.808770947347958,-0.464984516603151,3.05516340996758,2.75978812251765,-0.441451229745102,3.74228053478984,-0.805748853712849,3.08928514833776
6.7,-0.5,-0.831265281372356,-0.363832049603899,3.15654104543438,4.84866498702218,-0.60504695004797,3.87349722268254,-0.816657966820101,3.16598290661037
6.72,-0.5,-0.823324229332114,-0.178120528363079,3.24911000944847,4.19479369410528,-0.564851557870418,3.74226789115083,-0.828597580628934,3.24247921119317
6.74,-0.510813593094261,-0.83839010250688,-0.692396118894709,3.32433279319859,3.19850060179214,-0.43634985653906,3.46469942829727,-0.838673781720004,3.31470754631216
6.76,-0.575877584613002,-0.851020074087902,0.149939884564262,3.37705003352015,2.83709345368288,-0.312516564158094,3.13634554536323,-0.846089728764742,3.38073586050138
6.78,-0.744854745424507,-0.832392507124309,-0.602590949329709,3.4378165313459,2.30754704991767,-0.265150953786851,2.83036259971802,-0.851689578066286,3.44031597012562
6.8,-1.01379375085479,-0.875123712061091,-1.05743886057924,3.46935191551686,2.14990716503382,-0.337063669171129,2.58916506914475,-0.85752361940389,3.49441039354363
6.82,-1.27623561918809,-0.874690061547479,0.538587162444204,3.52381281794726,1.87230795338238,-0.509108281348031,2.39634809662246,-0.865857146715942,3.54422068698369
6.84,-1.43325543606293,-0.853580225563323,-0.281560359454136,3.54424423365215,2.89394078906658,-0.705867165536956,2.18688394834164,-0.878034712978003,3.59013739482498
6.86,-1.49082342570521,-0.885952475925644,-2.53066017645724,3.63957044950992,2.8275287454139,-0.869650598943022,1.9153128682873,-0.89385994791778,3.63127087714278
6.88,-1.5,-0.954806632621612,-1.15936496175538,3.65734538346871,1.40526521337777,-0.987868921282796,1.57794901521767,-0.91249584722936,3.66629593133475
6.9,-1.5,-0.932327074395859,0.517170129402519,3.69578105804503,1.47981319197614,-1.0733060164801,1.19307914563755,-0.93315348069708,3.6940710885463
6.92,-1.5,-0.934119827445511,-1.70070973541748,3.71653791114776,1.52426407971386,-1.14111469401264,0.780348087355343,-0.955315931996894,3.71383712986805
6.94,-1.5,-1.00035546381256,-1.94433060164983,3.75675162123358,0.615138576337693,-1.19985717593357,0.353584395905359,-0.9787304398083,3.72518782806877
6.96,-1.5,-1.0118930515115,-1.10442494075954,3.74114345420126,-0.662288848727954,-1.25313925203422,-0.07760353270303,-1.00327639989099,3.72795300230055
6.98,-1.5,-1.04453246144294,-0.835296875186009,3.73026006728447,-0.895481393227171,-1.30283723042675,-0.505370902895681,-1.02883941520664,3.72211052557986
7,-1.5,-1.04530492651895,-1.27658054280185,3.70532419847218,-1.01729983957005,-1.34988204191279,-0.92269224787407,-1.05535813673842,3.70780009592633
7.02,-1.5,-1.09559568315501,-2.3669882258366,3.68956807370166,-1.41001852771114,-1.39528932557642,-1.3225211774938,-1.08281242469452,3.68531325157987
7.04,-1.5,-1.13998445555241,-1.81792334458,3.64892345736373,-1.69522681150129,-1.44114856608175,-1.69721188086167,-1.11118769437833,3.65507490172326
7.06,-1.5,-1.16831261693821,-0.280448757218243,3.62175900124161,-0.870418517258342,-1.49080161608661,-2.03831936651725,-1.14048834724464,3.61764698715605
7.08,-1.5,-1.15120240584114,-0.618142480797051,3.6141067166734,-2.17315817709278,-1.54853797105969,-2.33654154922282,-1.17085240000273,3.57380866958035
7.1,-1.5,-1.1930383161701,-2.37033820277115,3.5348326741579,-3.44951205940834,-1.61920419472987,-2.5824505272889,-1.20251667495561,3.52453557786448
7.12,-1.5,-1.24601593395198,-2.12946250667421,3.47612623429706,-3.38398965263046,-1.708646059017,-2.76636682495734,-1.23576468811971,3.47093982773667
7.14,-1.5,-1.27821681643706,-1.48931302267307,3.39947308805268,-2.97945851892564,-1.82057566707532,-2.88134871662371,-1.27100314604331,3.41432555682799
7.16,-1.5,-1.30558845485891,-2.37130831697107,3.35694789354004,-2.6616242668984,-1.95379095182971,-2.92632044888402,-1.30872155156374,3.35614403483957
7.18,-1.5,-1.37306914911591,-1.36433651213991,3.29300811737675,-2.29754916130249,-2.10343066540465,-2.90554975206542,-1.34928454648871,3.29773620014607
7.2,-1.5,-1.3601619153445,-0.678726486418396,3.26504592708794,-2.47847957281726,-2.25954392221003,-2.82994179713523,-1.39297126780867,3.2403514069703
7.22,-1.5,-1.40021820857264,-3.18894707738169,3.19386893446406,-2.84603438825544,-2.41320866741774,-2.71098245370262,-1.43976683997439,3.18492980689735
7.24,-1.5,-1.48771979843977,-2.87533991744167,3.15120455155772,-2.78139596392073,-2.55860432694138,-2.55799120415732,-1.48945935991514,3.13215339563255
7.26,-1.5,-1.51523180527031,-3.30918886195709,3.08261309590723,-3.42179468158756,-2.68814431950276,-2.38231101494409,-1.54188924324405,3.08266007013802
7.28,-1.5,-1.62008735291806,-3.4876274172266,3.01433276429422,-2.80848127607992,-2.7993570949974,-2.19052110164092,-1.59674828857142,3.03686258004891
7.3,-1.5,-1.65473690195937,-2.5786963090022,2.97027384486403,-1.75289997686282,-2.89423923121822,-1.98460758884221,-1.653690703471,2.99507061569761
7.32,-1.5,-1.72323520527814,-3.47182440377533,2.94421676521971,-1.70914433033649,-2.97393999107818,-1.76728930594523,-1.71244528032612,2.9575825141327
7.34,-1.46755922071722,-1.79360987811039,-3.38107767628813,2.90190807165057,-1.06025308854556,-3.03731974773363,-1.54324348780168,-1.7725942118374,2.9244782182139
7.36,-1.27236724616099,-1.85847831232967,-2.49722160674313,2.90180664167788,-1.21813924754305,-3.01838516496332,-1.3766517423204,-1.83338272188124,2.89546037097076
7.38,-0.765435763726479,-1.89349874238011,-1.37101334005146,2.85318250174885,-1.55657358135972,-2.79249590886057,-1.38038540784851,-1.891989748333,2.86831308880287
7.4,0.0413812525643816,-1.91331884593173,-2.70146188618707,2.83954369842349,-1.61950900577599,-2.24343528335326,-1.6500418724044,-1.94283952617898,2.83840566902272
7.42,0.828706857564269,-2.00155721782759,-2.57071765151216,2.78840214151781,-2.01365973893435,-1.43180768611277,-2.11104396995969,-1.97989890841799,2.80096757887947
7.44,1.29976630818878,-2.01614755199221,-0.67823365324251,2.75899730886612,-2.22750430765605,-0.630294459648579,-2.50327570692064,-2.00024816721674,2.75447459224586
7.46,1.47247027711563,-2.0286865639573,0.0680449321436516,2.69930196921157,-2.25525408380999,-0.0272441917771047,-2.65907522041089,-2.00647791476941,2.70245320097467
7.48,1.5,-2.01342575470647,0.446243558404691,2.66878714551372,-2.57849221207468,0.350843049845549,-2.56572145885304,-2.00292536900147,2.64985189928185
7.5,1.5,-2.01083682162111,0.825953199917523,2.59616228072858,-2.44816781779545,0.579746567057463,-2.30273219663583,-1.99346765867691,2.60097036941593
7.52,1.5,-1.98038762670977,0.768378909445672,2.5708604328019,-2.26026708948691,0.729236396787795,-1.94033995673874,-1.98025405853976,2.55839536638056
7.54,1.50540679654713,-1.98010166524328,0.390389636491506,2.5057515971491,-1.20717195945496,0.839274480467891,-1.52046180302155,-1.96452915486998,2.52371923390025
7.56,1.5379387923065,-1.96477204125011,1.49739640516154,2.5225735544237,-0.854838930598512,0.936291201823607,-1.07261167031785,-1.94676861783039,2.49776215350403
7.58,1.62242737271225,-1.92020580903682,1.40135097163457,2.47155803992516,-1.89569080258062,1.04341551382591,-0.622151738387613,-1.92702989032803,2.48084567951068
7.6,1.7568968754274,-1.90871800238472,0.929618980495139,2.44674592232048,-0.246663520483847,1.1818966690758,-0.192332113022289,-1.90482267910159,2.47273550379054
7.62,1.88811780959404,-1.88302104981701,1.23672567670171,2.46169149910581,1.03790142536168,1.35454049190141,0.207770466852685,-1.87949815033464,2.47293468926198
7.64,1.96662771803146,-1.85924897531666,2.27584375164795,2.48826197933495,1.50811970910661,1.54149943450254,0.586373524193854,-1.85052564211793,2.48089132260633
7.66,1.9954117128526,-1.7919872997511,1.52695182292222,2.52201628747007,0.58373879391993,1.7194709398418,0.954782318020615,-1.81789020191266,2.49631638018587
7.68,2,-1.79817090239977,1.36560507685263,2.51161153109174,0.668580400673557,1.87677234646856,1.31634273568507,-1.78190470317318,2.51905115853845
7.7,2,-1.73736309667699,2.98078756225348,2.54875950349702,1.19933471395897,2.01348343894312,1.66609344752482,-1.74297607913952,2.54890547246727
7.72,2,-1.67893939990963,1.04112089419612,2.5595849196501,2.07000073322494,2.136747505093,1.99396986025755,-1.70152179316785,2.58560030836656
7.74,2,-1.69571826090914,1.73507906682447,2.63155953282601,2.89226216416992,2.25127177043226,2.29165570679463,-1.65766710597047,2.62854050258051
7.76,2,-1.60953623723665,3.65881605861592,2.6752754062169,2.25215865799837,2.36261150821915,2.55039882125691,-1.61147934356184,2.67699622937812
7.78,2,-1.54936561856451,1.89722750002613,2.72164587914595,1.97717809754113,2.47793632586789,2.76045667985787,-1.56302898424171,2.73015084416222
7.8,2,-1.5336471372356,1.79557129556608,2.75436253011854,3.07584672508957,2.60421277865523,2.91263996073621,-1.51228298272582,2.7870388730111
7.82,2,-1.47754276674186,2.76334442862286,2.84467974814953,3.45979811857289,2.74138100810273,3.00475163048786,-1.45888240012787,2.84634823308789
7.84,2,-1.42311336009069,4.00535965409977,2.89275445486146,3.66737214221141,2.88733570625105,3.03799636115381,-1.40256067279045,2.90682345038842
7.86,2,-1.31732838057787,3.48127832709372,2.99137463383799,3.7624535938064,3.03999896589111,3.01522197693208,-1.34324947640403,2.96740148036657
7.88,2,-1.28386222700694,2.71318220466685,3.04325259861372,2.31281751625937,3.19262547379158,2.94511857815691,-1.28091489065028,3.02707656722454
7.9,2,-1.2088010923912,2.43084806232712,3.08388733448836,2.98590303048839,3.33575722975813,2.84013387532635,-1.215615809033,3.08498530430416
7.92,2,-1.18662830451386,3.46600170703625,3.16268871983325,2.87602900746942,3.46418445799261,2.70910026779279,-1.14758507990869,3.14050809800939
7.94,2,-1.07016102410975,3.72512115799204,3.19892849478714,2.46153862593037,3.57633431518026,2.55751031654874,-1.07716514139181,3.19321658913749
7.96,2,-1.03762345819417,3.33022370417217,3.26115026487047,2.64779311547173,3.67259443626797,2.38872569531104,-1.00468474699856,3.24273963958807
7.98,2,-0.936952075942863,3.68092056970529,3.30484021940601,2.11588725855233,3.75302015184513,2.20615431735591,-0.930373842995675,3.28868055575091
8,2,-0.890386635405962,3.92361114914445,3.34578575521256,1.76495381859735,3.82265560969326,2.00823267378272,-0.854588374383106,3.33083675994044
8.02,2,-0.780007629977085,4.88530766370749,3.3754383721499,0.963692767932678,3.88356971729803,1.79614860418442,-0.777525673914075,3.36891576297653
8.04,2,-0.694974328857662,3.83333987698485,3.38433346592987,1.11408995620536,3.93659724325005,1.57226374160704,-0.699302184425724,3.40260803513433
8.06,2,-0.626674034897691,3.94435430613468,3.42000197039812,1.90177274917753,3.98415645987684,1.33741994444238,-0.620080219714215,3.43171523594619
8.08,2,-0.537200156612274,4.51644209570527,3.46040437589697,0.959911491103249,4.02758062552647,1.09352204551917,-0.539959903470324,3.45604197732029
8.1,2,-0.44601635106948,4.42534508889974,3.45839843004225,0.311739970978842,4.0675144622922,0.843185625717976,-0.45900317963124,3.47541705395098
8.12,2,-0.360186353056285,3.58571717830422,3.47287397473612,0.873803638398118,4.10467201539915,0.588929192941282,-0.377273810734266,3.48973814416145
8.14,2,-0.302587663937311,4.18044101109411,3.49335057557817,1.28494809955046,4.1393250073365,0.333630456100799,-0.294813889427483,3.49894846989058
8.16,2,-0.192968712612521,4.92329443794819,3.52427189871814,-0.302649821403411,4.17143813755234,0.0804374822314723,-0.211667853197948,3.50305308302019
8.18,2,-0.105655886419384,3.53657787930584,3.48124458272204,-0.231786780006704,4.20125560539998,-0.167857286232513,-0.127924789007941,3.50215845850956
8.2,2,-0.051505597440287,2.69599147972027,3.51500042751787,0.320180586704877,4.22807536600702,-0.407802801024794,-0.043652092524635,3.49640843629882
8.22,2,0.00218377276942699,4.3950998811838,3.49405180619023,-1.1873995230261,4.25021494919798,-0.635259940542036,0.0411063660985143,3.48598242039128
8.24,2,0.124298397807065,4.87737986264265,3.46750444659683,-1.07632058362759,4.26537666980592,-0.845742552481138,0.126293218017279,3.47112241315456
8.26,2,0.197278967275133,4.01408202573507,3.45099898284513,-1.05350866508525,4.2724956038396,-1.03618917495889,0.211712545577422,3.45224141286077
8.28,2,0.284861678836468,4.7807873853235,3.42536409999342,-0.84932745112406,4.2703289377763,-1.20366780248157,0.297149157235785,3.4298112895687
8.3,2,0.388510462688073,4.223423919984,3.41702588480016,-1.2756335673985,4.25661693388726,-1.34457622696477,0.382407602585252,3.40431330517686
8.32,2,0.453798635635828,3.89242580453593,3.37433875729748,-2.36450021311047,4.22896208973068,-1.45546207953385,0.467279367981297,3.37626721346188
8.34,2,0.54420749486951,4.36675732121511,3.32244587627575,-1.7155679079729,4.18743429266236,-1.53544796157948,0.55145636541352,3.34631273432573
8.36,2,0.628468928484432,5.32022425186993,3.30571604097856,-1.62233322053863,4.1321582641267,-1.58394966634291,0.634673341181745,3.31506885027421
8.38,2,0.757016464944307,4.31535480697097,3.2575525474542,-0.741660096639218,4.0648559978228,-1.60210082234919,0.71667387718785,3.28315060674257
8.4,2,0.801083120763271,3.14653565600745,3.27604963711299,-0.841747819579808,3.98878775990242,-1.59270062878242,0.797214898547529,3.25116556310689
8.42,2,0.882877891184605,3.9023936287711,3.22388263467101,-2.26975550831148,3.90647965241383,-1.55812032062069,0.876164723641702,3.21962742888109
8.44,2,0.957178865914116,3.88367850654288,3.18525941678053,-2.17619629742584,3.82071898642013,-1.50121680772055,0.953454477897739,3.1889868862641
8.46,2,1.03822503144632,3.42692783517473,3.13683478277398,-0.904180031466284,3.73584778492747,-1.42652185686378,1.02901884008315,3.15967997516046
8.48,2,1.0942559793211,3.28346138218948,3.14909221552188,-1.27563184115423,3.6541910421051,-1.33693408877542,1.10290854141023,3.13202569013876
8.5,2,1.1695634867339,4.17358761676915,3.08580950912781,-2.44433254192841,3.57750201933293,-1.23504999157604,1.17521963645078,3.10628472327701
8.52,2,1.26119948399187,3.54305106428055,3.05131891384475,-1.14942462968658,3.50821902380567,-1.12429740067357,1.24604180592262,3.08269926256042
8.54,1.96215242417009,1.31128552930512,3.60375988685232,3.03983252394034,-0.114945635792951,3.43643136102825,-0.996509496229672,1.31553124902301,3.06142685018554
8.56,1.73442845385449,1.40534987946596,3.39094208887591,3.04672108841303,-0.0712495477440456,3.27900885417034,-0.773907425431316,1.38296317312698,3.0434376398489
8.58,1.14300839101423,1.44692321286016,2.83344708248196,3.03698254203058,-0.521898781190655,2.86370811618739,-0.295007713172418,1.44499101274208,3.03216259678773
8.6,0.201721872008221,1.51868776276524,1.86925376098303,3.0258451371654,0.517905608454006,2.02072744038182,0.594971631609254,1.49459103349812,3.03444470525582
8.62,-0.716824667158314,1.52169336329948,-0.228721681439603,3.05769876636874,1.7508314884246,0.810250521011382,1.82281429228144,1.52330516968296,3.05827814614134
8.64,-1.26639402622024,1.50953889550766,-0.515736762655222,3.09587839670239,2.39517743650158,-0.410829018136032,3.02297048599357,1.52694257799191,3.10716281832286
8.66,-1.46788198996823,1.50106389279327,-0.660830426975678,3.1535058638288,4.49126413082832,-1.27725897790633,3.82219134927264,1.50930681348545,3.17645383262865
8.68,-1.5,1.48310567842863,-1.72071031224533,3.27552896193552,4.16476244476366,-1.68186338285343,4.10796989541552,1.47900862369825,3.25655097085265
8.7,-1.5,1.43223548030346,-1.62741774985,3.32009636161935,3.31281319912884,-1.75716102795493,4.01021381422846,1.44425070005077,3.33819377383767
8.72,-1.5,1.41800896843463,-1.66759454607791,3.40804148990067,4.51268358997622,-1.68730744840514,3.71251336194985,1.4096597075064,3.41565547537847
8.74,-1.48918640690574,1.36553169846034,-0.796777407642241,3.5006037052184,4.40004096897616,-1.57779131540808,3.32228838376115,1.37698684573539,3.48611017111634
8.76,-1.424122415387,1.38613787212894,-2.01949375061606,3.58404312865972,2.10510992362477,-1.45691533080707,2.87407505621322,1.34661674668438,3.54816748191897
8.78,-1.25514525457549,1.2847519484357,-1.82943174473413,3.58480810216339,1.47937353384583,-1.30710353188942,2.36119369714342,1.31890378908585,3.60064137392094
8.8,-0.986206249145206,1.31296060233958,-0.889581462435379,3.64321807001355,2.21896454052373,-1.09931520172075,1.76850389343771,1.29473632507985,3.64206920428913
8.82,-0.72376438081191,1.24916868993828,-1.17988108614488,3.67356668378434,0.961610209307628,-0.838551625829797,1.11102356427347,1.2753805127731,3.67088041289794
8.84,-0.566744563937073,1.26576535889378,0.306095490342745,3.68168247838586,0.31360552322538,-0.572347515909343,0.439096224578736,1.26126461148412,3.68639463366788
8.86,-0.509176574294791,1.26141250955199,-0.2744416001706,3.68611090471335,0.183752196246278,-0.340184699257346,-0.205487431470152,1.25216877647675,3.68869136799302
8.88,-0.5,1.25478769488696,-0.667805493341683,3.68903256623571,-0.79627310289434,-0.160826793829031,-0.799048146706188,1.24723701152508,3.67856065708038
8.9,-0.5,1.23470028981833,-0.365202455728181,3.65425998059758,-0.806120013018363,-0.0269583049519611,-1.33893035649771,1.24542903966866,3.65708978939424
8.92,-0.5,1.24017959665783,-0.268586880303695,3.65678776571497,-2.15188264915859,0.0712561813398506,-1.825047510359,1.2459301655413,3.62535499166145
8.94,-0.467559220717218,1.22395681460618,0.0386180235287137,3.56818467463124,-2.69384737448947,0.143251093022851,-2.2573884242745,1.24809509799357,3.58445518925545
8.96,-0.272367246160994,1.24172431759898,1.75137534626712,3.5490338707354,-1.74496786716181,0.242664782463347,-2.67534897624722,1.25182756171901,3.53516931142212
8.98,0.234564236273521,1.29401182845686,0.0940472231577116,3.49838595994477,-4.20150600621325,0.505548824505663,-3.19400592076019,1.25887729542591,3.47678392785979
9,1.04138125256438,1.24548620652529,0.506939716129889,3.38097363048687,-4.49495710511517,1.1124808494129,-3.97266345634003,1.27436453878434,3.40566105837729
9.02,1.82870685756427,1.31428941710206,3.04214613104652,3.31858767574016,-3.85766741129993,2.06407519322671,-5.0042390535441,1.30576590833354,3.31610349508945
9.04,2.29976630818878,1.36717205176715,3.14773200712294,3.22666693403487,-5.62520080281367,3.00722621345077,-5.94297366050757,1.35702408198055,3.20595950975575
9.06,2.47247027711563,1.44019869738698,2.54320271995299,3.09357964362761,-6.10756357823394,3.48768334458022,-6.34506157815869,1.42285608920343,3.0820764829158
9.08,2.5,1.46890016056527,3.20857062503984,2.98236439090551,-6.32143499574612,3.44968313595442,-6.16157034115313,1.49282566553605,2.95629199261617
9.1,2.5,1.56854152238857,3.84534209536262,2.84072224379777,-6.37104632979207,3.17366696581999,-5.67224683450485,1.55926990541787,2.83763442084057
9.12,2.5,1.62271384437977,2.77178671583804,2.72752253771383,-4.71877630922316,2.89051072671361,-5.1018700010619,1.61982985050606,2.72985035040197
9.14,2.49459320345287,1.67941299102209,3.08418255950938,2.65197119142884,-4.78530571276122,2.67352838437134,-4.52438571291521,1.67535101800308,2.63358990377879
9.16,2.4620612076935,1.74608114676015,2.81645547349725,2.53611030920338,-4.16157563432319,2.5241094808177,-3.94701441275499,1.72723450743722,2.54886616667609
9.18,2.37757262728775,1.79207120996198,0.900241641303628,2.48550816605591,-3.20329630817104,2.42106242029171,-3.3591381231451,1.77662548741484,2.47577874806446
9.2,2.2431031245726,1.78209081241229,2.26165020014955,2.40797845687654,-2.65125308585431,2.33737859913443,-2.74770480900192,1.82420542927325,2.41465848455745
9.22,2.11188219040596,1.88253721796796,3.54495618924441,2.37945804262174,-2.609820845147,2.2674889323154,-2.11699842466204,1.870230473329,2.36598565945153
9.24,2.03337228196854,1.92388905998207,0.980529405507263,2.30358562307066,-2.192460017704,2.21534702901297,-1.47801712690466,1.91501063509306,2.33004101435751
9.26,2.0045882871474,1.92175839418825,1.2245457425567,2.29175964191358,0.0765083343531536,2.18805822268598,-0.843452866166283,1.95899100235563,2.30684953625563
9.28,2,1.97287088968434,2.43810044370605,2.30664595644478,0.320065250210722,2.18770584441779,-0.222314555806642,2.00274856431624,2.29619473115233
9.3,2,2.0192824119365,2.61120992954222,2.30456225192201,0.299793654522962,2.20417323325647,0.384274401362993,2.04667085474707,2.29782627121496
9.32,2,2.07731928686603,2.72365653673136,2.3186377026257,1.07074712845741,2.22863429651823,0.974432341214962,2.09097170824987,2.31145394402972
9.34,2,2.12822867340575,1.83084724688529,2.34739213706031,0.662916851966966,2.25421705882278,1.54526708802498,2.13576890534449,2.33670561623483
9.36,2,2.15055317674144,1.87696396849707,2.34515437670438,1.46213000542306,2.27621691455396,2.09273798131434,2.18108174112553,2.37312616279666
9.38,2,2.20330723214563,3.01130954207809,2.40587733727723,2.67680847442909,2.29359534699898,2.61072735776381,2.22679676791655,2.42020482782436
9.4,2,2.27100555842456,2.39298654498447,2.45222671568154,3.54148168318543,2.30849550207493,3.09074971515371,2.27280491649272,2.47730259704394
9.42,2,2.29902669394501,2.60397597225215,2.54753660460465,3.80123064805291,2.32679628339214,3.52101573254625,2.31913533383134,2.54352549769017
9.44,2,2.37516459731465,2.58623009152005,2.60427594160366,3.90407023613529,2.35823642450415,3.88632699035648,2.36596030490724,2.61771763968365
9.46,2,2.40247589760581,2.22073481327523,2.70369941405006,4.18080803271061,2.41673555402879,4.16751192000227,2.41363969941337,2.69842696665865
9.48,2,2.46399398984566,3.0994471602156,2.77150826291208,3.76651917083203,2.51801931412522,4.34323613175278,2.46291094474666,2.78371875554433
9.5,2,2.52645378401444,2.84405911616955,2.85436018088334,5.00522022253842,2.6719669449965,4.39904914722033,2.51472739072618,2.87134094884891
9.52,2,2.57775635449244,2.49649253087891,2.97171707181362,4.6972638420605,2.87405789216677,4.33699586675387,2.57014445814693,2.95886425267857
9.54,2,2.62631348524959,2.74086392370722,3.04225073456576,4.0323109834946,3.10231875824604,4.18051132521944,2.62987491514639,3.04417948994243
9.56,2,2.68739091144073,3.38446486927879,3.13300951115341,3.68815554679892,3.32360178780776,3.96798861551602,2.69415177453431,3.12574504852766
9.58,2,2.76169208002074,3.177242842552,3.18977695643771,3.7772896288228,3.51522796670733,3.72943392923634,2.76256797131108,3.20277865600733
9.6,2,2.81448062514281,3.76442963564338,3.28410109630632,3.9811916074494,3.66852366790098,3.48051225475482,2.83449185035806,3.27486758311127
9.62,2,2.91226926544648,4.42396510681412,3.34902462073569,3.0389139017631,3.78967283252071,3.22116404349312,2.90910803209362,3.34191527455549
9.64,2,2.99143922941537,3.86756380881637,3.40565765237684,2.65883648287994,3.88655053975004,2.94856399558337,2.98580266223944,3.40373618614823
9.66,2,3.06697181779913,4.09587022416776,3.45537808005089,1.7315201638172,3.96163367285284,2.66444004136971,3.06434381811807,3.45985937686371
9.68,2,3.15527403838208,4.17672535688797,3.47491845892953,2.33647442982159,4.02259476437419,2.36558703961454,3.14430680391827,3.5100862927066
9.7,2,3.23404083207465,3.42743728935559,3.54883705724375,2.75087137169973,4.07704906161043,2.0488733245416,3.22531546531995,3.55425706484166
9.72,2,3.29237152995631,3.56756406046542,3.58495331379752,1.49297931748729,4.12430473866554,1.71891069362727,3.30733397312878,3.59195961444758
9.74,2.00540679654713,3.37674339449327,4.96643678931096,3.60855622994324,1.89987531909671,4.16886674328008,1.37596107493348,3.39026918772896,3.62292620408042
9.76,2.0379387923065,3.49102900152874,4.91518785879129,3.66094832656139,1.71570879106283,4.22006960609737,1.016596586216,3.47412985376468,3.64688996697473
9.78,2.12242737271225,3.57335090884492,4.45812391191089,3.67718458158576,-0.0606032560192316,4.29791982881551,0.629974692487105,3.55925881434054,3.66339970931238
9.8,2.2568968754274,3.66935395800518,4.34848000251019,3.65852419632062,-0.569315769167966,4.41996513335067,0.208856642228565,3.64635607640458,3.67184562464157
9.82,2.38811780959404,3.74729010894533,4.90408261286067,3.65441195081904,-0.621869327856062,4.58801828514526,-0.239881766963838,3.73638389287418,3.67155094951065
9.84,2.46662771803146,3.86551726251961,4.74897763839944,3.63364942320638,-0.0566352937933279,4.77663631471488,-0.687828164827461,3.83004745184586,3.66222045054764
9.86,2.4954117128526,3.93724921448131,3.44633809442927,3.6521465390673,-0.897881749244944,4.95552974937917,-1.10516609594776,3.92737454142505,3.64425075089343
9.88,2.5,4.00337078629678,4.23337111182937,3.59773415323658,-1.35740255678575,5.10777774748791,-1.47480596931932,4.02804689998738,3.61837710555632
9.9,2.5,4.10658405895448,5.44680457653541,3.59785043679587,-0.741639059281585,5.22777762731334,-1.79054781979466,4.13145110092563,3.58563747833869
9.92,2.5,4.22124296935819,4.94312388394298,3.56806859086531,-2.25737694003509,5.31369887625749,-2.05013682931004,4.23692770573663,3.54713281246956
9.94,2.5,4.3043090143122,6.32528398296233,3.50755535919447,-2.38154896953232,5.36288731837821,-2.25116487821674,4.34376133013303,3.50401623122086
9.96,2.5,4.47425432867669,5.82546228902643,3.47280663208402,-2.19238855262199,5.37357426480286,-2.39245336847818,4.45114587212679,3.4575125093926
9.98,2.5,4.53732750587326,5.0417023701808,3.41985981708959,-3.00248875332451,5.34123894484525,-2.47082918130046,4.55828453130389,3.40884001308218
10,2.5,4.67592242348392,5.10895081945675,3.35270708195104,-2.40550138473049,5.2660047059276,-2.48728522538818,4.66441296346457,3.3591722891215
10.02,2.5,4.74168553865153,4.9409057192793,3.32363976170037,-1.65986533417792,5.15615866656287,-2.4499277349881,4.76877957249943,3.30964348369328
10.04,2.5,4.87355865225509,5.55933556857742,3.28631246858392,-2.81436886513128,5.0272305946627,-2.37316730639038,4.87066989424457,3.2613292008007
10.06,2.5,4.96405896139462,5.2305773783399,3.21106500709512,-1.71568706422216,4.88778653535692,-2.26519360808352,4.96980949062614,3.21491974910427
10.08,2.5,5.08278174738869,4.5097504570266,3.21768498601504,-1.60304955245494,4.74515076512999,-2.13309997657099,5.06616010868498,3.17088228163082
10.1,2.5,5.14444897967569,3.56188676893097,3.14694302499692,-3.34063284900398,4.60939993017815,-1.98656601159225,5.15969484421598,3.12966105047791
10.12,2.5,5.22525721814593,5.22639039582888,3.08405967205488,-2.64375140489271,4.48498009260983,-1.83026467948874,5.25061795977026,3.09147870978397
10.14,2.5,5.35350459550884,5.49871040588328,3.04119296880121,-1.31987146000605,4.37447226018468,-1.66741973537792,5.3391876368822,3.05649362252332
10.16,2.5,5.44520563438126,4.5129565992778,3.03126481365464,-1.05522932674832,4.27849936512607,-1.49974349052476,5.42570867103012,3.02480088635476
10.18,2.5,5.53402285947996,4.20921324899288,2.99898379573128,-2.07466747136328,4.19769471132916,-1.32921041836888,5.51045273238076,2.99650142832125
10.2,2.5,5.61357416434097,3.16133970385362,2.94827811480011,-0.90716445367206,4.13165085594034,-1.15710717743969,5.59370233985426,2.97165447421649
10.22,2.5,5.6604764476341,3.81823627072897,2.9626972175844,-0.356072956705822,4.07811849596166,-0.983313389314678,5.67578429771383,2.95024454173376
10.24,2.5,5.76630361517013,4.12611430539498,2.93403519653187,-0.762129120118971,4.03683716708661,-0.809605122060439,5.75692116045127,2.93231048232329
10.26,2.5,5.8255210198499,4.42196985428063,2.93221205277964,-0.809500732183555,4.00706597008108,-0.63744565178951,5.83733141907686,2.91785284369281
10.28,2.5,5.94318240934136,4.06517934169974,2.90165516724453,-0.853424678502168,3.98699366316918,-0.46744563146596,5.91725642110849,2.90680888704576
10.3,2.5,5.98812819351789,3.55353364667121,2.89807506563955,0.0947311375200099,3.97578519199496,-0.301082808929829,5.99687733951165,2.89912452994529
10.32,2.5,6.0853237552082,3.21921584258489,2.90544441274533,-0.668455602427742,3.97285574099279,-0.140039492632725,6.07634779201711,2.89472579933551
10.34,2.5,6.11689682722128,3.44497658108731,2.87133684154244,0.209448864860062,3.97705635931147,0.014559309004863,6.155828784436,2.89348904553402
10.36,2.5,6.2231228184517,4.96117552695252,2.91382236733973,0.361825768621782,3.98729389061011,0.161632314481962,6.23546339694673,2.89526441069234
10.38,2.5,6.31534384829939,3.85535407251645,2.88580987228732,-0.56327096002059,4.00304344174113,0.299707725936201,6.31535871601514,2.89989314855829
10.4,2.5,6.37733698135235,3.74039272297955,2.89129152893891,0.627471102873112,4.02359197247196,0.427638356945343,6.39561680194926,2.90718494455921
10.42,2.5,6.46495955721857,4.52740981702222,2.91090871640224,1.45325012164937,4.04821929699331,0.544478408546607,6.47632644498206,2.9169277491491
10.44,2.5,6.55843337403324,3.92256846968626,2.94942153380488,1.19984102075316,4.07647210289157,0.649236997992184,6.55755398803139,2.92890003288808
10.46,2.5,6.62186229600602,3.58544475804499,2.95890235723237,0.286232857297708,4.1073560593589,0.741574110942975,6.63937743881877,2.94283897012739
10.48,2.5,6.70185116435504,4.14154353894491,2.96087084809679,0.360305371692393,4.14009056901026,0.821190379946847,6.72185428947257,2.95848199473741
10.5,2.5,6.78752403756381,5.20629730359188,2.97331457210006,0.0693565208552904,4.17431639349933,0.887652763632969,6.80501298852636,2.97557685988863
10.52,2.5,6.91010305649872,4.17020150279435,2.963645108931,1.04953263399312,4.20954643353448,0.940904765236696,6.88885362655057,2.99388166622329
10.54,2.45133883107583,6.95433209767559,3.4190572280852,3.01529587745979,1.81087262656742,4.23737017859414,0.98855915630123,6.9733945211641,3.01312919045064
10.56,2.15855086924149,7.04686534562213,4.00306460523412,3.0360800139937,1.64400836997879,4.14042538015465,1.14258380254051,7.05753314249061,3.03411743450879
10.58,1.39815364558972,7.11445468188495,3.12038423364798,3.08105621225894,1.4095084129114,3.69091846340244,1.61993587997443,7.13664921079378,3.06099934926439
10.6,0.187928121153427,7.17168071496805,3.13167116314375,3.09246035051016,2.27828784344809,2.65258783719055,2.63913213485491,7.20114770335964,3.1026225537515
10.62,-0.993060286346404,7.2397215284107,1.04757651196532,3.17218772599686,4.10514787444789,1.15169051441024,4.05460334548363,7.23946529823603,3.16940069348513
10.64,-1.69964946228317,7.21358377544666,0.1275362835224,3.25666626548807,5.36634517609141,-0.24863282638966,5.28640360866551,7.24787622399554,3.26358817380638
10.66,-1.95870541567344,7.2448229797516,-0.920566850170301,3.38684153304052,5.10739446443975,-1.05650224154235,5.84300037269656,7.23376469244821,3.37607499087093
10.68,-2,7.17676110143985,-2.18066259552319,3.46096204406566,5.67797446353735,-1.32280725407573,5.78456145214549,7.20930085163149,3.49313907494369
10.7,-2,7.15759647593067,0.10789969942826,3.61396051158201,6.27008597454701,-1.33067435613665,5.39914870917196,7.18252444778009,3.60532713588243
10.72,-2,7.18107708941698,-0.395712873527843,3.71176548304754,4.80211791573366,-1.27766958709408,4.88347028816604,7.15642773757868,3.70828178525555
10.74,-1.98377961035861,7.14176796098956,-2.48489094167799,3.80604522821136,4.24070633642786,-1.2369982761772,4.31366964859084,7.13132331917757,3.80031734473819
10.76,-1.8861836230805,7.08168145174986,-1.4776820828549,3.88139373650466,3.06102633129628,-1.21181390152959,3.7035157900842,7.10683871047132,3.88056343979277
10.78,-1.63271788186324,7.08266067767536,-0.400576378762962,3.92848628146321,2.31349781953629,-1.17045239195105,3.04168512234457,7.08294120563193,3.9481233669271
10.8,-1.22930937371781,7.06565839659934,-1.55422378195174,3.97393364928611,2.97530688181779,-1.07137114612653,2.31327801726684,7.06040735192012,4.00178555486573
10.82,-0.835646571217865,7.02049172639729,-1.2762271189098,4.04749855673592,1.62886741654317,-0.906241352143722,1.52688237600229,7.04056188131164,4.04025036656059
10.84,-0.600116845905609,7.01460931184295,-0.757152411970718,4.03908834594784,0.0486610954555822,-0.707892236409407,0.713209021239103,7.02439613961832,4.0626683201031
10.86,-0.513764861442186,6.99020562991846,-0.0708515305576141,4.04944500055414,0.589821681672054,-0.520494383090826,-0.0935113681718072,7.01215198751009,4.06883689393481
10.88,-0.5,7.01177525062064,0.159063357506284,4.06268121321472,-0.561231834208775,-0.353076624984018,-0.881244995832292,7.00342466380869,4.05906647509932
10.9,-0.5,6.99656816421871,-0.671171059255271,4.02699572718579,-2.30914686132021,-0.201157145537301,-1.64568230832154,6.99789526637491,4.03375896507682
10.92,-0.5,6.98492840825043,0.333376747766789,3.97031533876191,-1.65934583425296,-0.0508380765972776,-2.38771913068182,6.99538678282639,3.99337044518426
10.94,-0.467559220717218,7.00990323412939,-0.116798748598068,3.96062189381568,-2.94864452174236,0.10547347233266,-3.10310242139237,6.9959443663703,3.9382947975354
10.96,-0.272367246160994,6.98025645830651,-0.485906428031924,3.85236955789222,-4.11638414347548,0.338918335052659,-3.83465991138693,7.0002011309547,3.86893970977442
10.98,0.234564236273521,6.99046697700811,1.32406030793866,3.79596652807666,-4.57774629816718,0.749251057159593,-4.65222543418854,7.0106655949345,3.7843631186983
11,1.04138125256438,7.03321887062405,1.81393089873647,3.66925970596553,-6.66199960855519,1.44108875914959,-5.63664153841412,7.03196915632436,3.6819271764947
11.02,1.82870685756427,7.06302421295757,2.09884429436609,3.52948654373445,-7.05774607035332,2.52125533418811,-6.87753191059095,7.07085348307708,3.55731114752338
11.04,2.29976630818878,7.1171726423987,4.85931055973072,3.3869498631514,-6.91344704869311,3.81527345152533,-8.21821791077019,7.13432247223326,3.4061022814264
11.06,2.47247027711563,7.2573966353468,4.55598604330547,3.25294866178672,-8.63603341174884,4.62513850424713,-9.00300376528553,7.22027044558122,3.2322491081691
11.08,2.5,7.29941208413092,3.07190054372573,3.04150852668144,-9.08086547608062,4.40217410208342,-8.69971117294764,7.31211597913277,3.05355164605397
11.1,2.5,7.38027265709583,3.69068117839637,2.8897140427435,-7.63613157181946,3.64206987948157,-7.78869464305048,7.39274623845329,2.88833666775651
11.12,2.5,7.44703933126677,3.50764449552978,2.73606326380866,-6.92924570367733,2.96410241821317,-6.86601394170085,7.45848349730742,2.7419495578891
11.14,2.5,7.52057843691702,2.61191846065572,2.61254421459641,-6.29771417530417,2.50091020648164,-6.05520539186759,7.51279348050743,2.61290739270216
11.16,2.5,7.551516069693,1.65991020917675,2.4841546967965,-5.69529500029654,2.21672767202751,-5.32486892867606,7.55973065056361,2.49919759047973
11.18,2.5,7.58697484528409,1.44053826579229,2.38473241458454,-3.76857617266797,2.06391406401624,-4.63696988329733,7.60235427483527,2.3996269525684
11.2,2.5,7.60913760032469,1.92574259695784,2.33341164988978,-3.39807997406771,2.00687094655776,-3.96758724038471,7.64290637615268,2.31360623407416
11.22,2.5,7.6640045491624,2.83847986594903,2.24880921562184,-3.53148927265829,2.01943918293047,-3.30368219365058,7.68308207208165,2.24089279907618
11.24,2.5,7.72267679496265,2.06294481107145,2.19215207898345,-2.13133439519066,2.0832530839287,-2.6395053917922,7.72403211776111,2.18146075789368
11.26,2.5,7.74652234160526,2.30399476782481,2.16355583981421,-2.51357016555951,2.18260051635383,-1.97297485321134,7.7666358945362,2.13533292581607
11.28,2.5,7.81483658567565,2.08216424356542,2.09160927236107,-1.90979912480133,2.30419788408739,-1.30470287253903,7.81148736102839,2.10255085713102
11.3,2.5,7.82980891134788,2.33712769723395,2.08716387482216,-0.622439664163754,2.4371390932249,-0.637272380080657,7.85889651457697,2.08313240942258
11.32,2.5,7.908321693565,3.66753747527759,2.06671168579452,-0.57335127646122,2.57110486674205,0.0263159709332434,7.90897830069324,2.07703447366247
11.34,2.48918640690574,7.97651041035898,2.41193111610842,2.06422982376371,0.93187047682548,2.6959618890543,0.683083891251012,7.96166255774987,2.08414643674958
11.36,2.424122415387,8.00479893820934,2.42617227602762,2.10398650486753,2.24377120416793,2.80035676863355,1.3309193547089,8.01671550286681,2.10428319917602
11.38,2.25514525457549,8.07355730140008,2.56587304611631,2.15398067193042,2.27074680851433,2.85165729426269,1.98066746131094,8.07334827917871,2.13738123633764
11.4,1.98620624914521,8.10743386005399,2.47433037745206,2.19481637720811,2.36955544921048,2.8183455835132,2.64647207373161,8.13016232924074,2.18363311391062
11.42,1.72376438081191,8.17253051649817,3.50863341267251,2.24876288989884,2.8603514686385,2.68857639170366,3.3363411682338,8.18540458432254,2.24341795707801
11.44,1.56674456393707,8.24777919656089,2.86228749732849,2.30923043595365,3.68009655235911,2.476124313288,4.04627130271212,8.23715777978419,2.31721197934188
11.46,1.50917657429479,8.28702201639131,1.41526470180802,2.39596675199321,5.03113937798999,2.215384011897,4.75422128189098,8.28411550464629,2.40525718080467
11.48,1.5,8.30438978463321,1.35886143191524,2.51047601107325,5.82698328507121,1.93992439483029,5.42979132545941,8.32566198032954,2.50720274484012
11.5,1.5,8.34137647366792,2.83135740498572,2.62904608339606,5.71416069450357,1.68705686333192,6.03026858838483,8.36187439945637,2.6219519161618
11.52,1.5,8.41764408083264,1.94824924642365,2.73904243885339,5.12038346662818,1.50985972996603,6.49048390994199,8.39364352471353,2.74747798956399
11.54,1.48918640690574,8.41930644352486,0.406468102558089,2.83386142206118,6.82512237171382,1.49933730749303,6.70455363492526,8.4233810391678,2.87993053046866
11.56,1.424122415387,8.43390280493497,0.854981055080151,3.01204733372194,7.65795159176671,1.69932909368067,6.61077673412362,8.4550634614456,3.01356231450473
11.58,1.25514525457549,8.45350568572807,2.47463528014817,3.14017948573185,6.55222795770574,1.99242183652411,6.31682289387624,8.49207448064562,3.14292701752287
11.6,0.986206249145206,8.53288821614089,1.83903291065515,3.27413645203017,6.09666803479652,2.19069073203694,6.01409101366891,8.53410215177031,3.26620480874337
11.62,0.72376438081191,8.52706700215427,2.30305418841783,3.38404620712371,4.84982891730952,2.25003172647818,5.75290925947376,8.57865204084018,3.38388622057396
11.64,0.566744563937073,8.62501038367761,3.56074705444422,3.46812960872255,5.72073577576743,2.25815395157387,5.45369247451672,8.62375915692645,3.49606762733948
11.66,0.509176574294791,8.66949688433204,2.20262067914043,3.61287563815441,5.41084587426136,2.27799408894298,5.06533808030941,8.66909517140802,3.60140402510449
11.68,0.5,8.71311521084322,2.24337778187191,3.68456344369301,4.22515484831427,2.31102914137484,4.59736935276642,8.71497033101406,3.69814787968359
11.7,0.5,8.75923199560692,2.58039069157432,3.78188183208698,3.64353942755767,2.34067733266231,4.07455099701866,8.76151037793178,3.78493795164334
11.72,0.5,8.8163308385062,2.37933794876817,3.83030502079531,3.11532152918347,2.35703685235998,3.51416751742641,8.80851803584563,3.86087678241141
11.74,0.489186406905739,8.85440551355765,1.81792101344849,3.90649469325432,4.75479241914866,2.35534328947391,2.92773596738392,8.85566954727518,3.92533217671731
11.76,0.424122415386998,8.88904767904414,2.25090895930062,4.02049671756126,3.73006018161584,2.32824112766056,2.32755540326393,8.9026629414057,3.97783999873438
11.78,0.255145254575493,8.94444187192967,2.86871040849674,4.05569710051895,0.682648291550847,2.25770132118103,1.73037811501826,8.94880187096301,4.01830157010494
11.8,-0.0137937508547939,9.00379609538401,2.19778733939453,4.04780264922329,-0.0441492081997064,2.1272707817996,1.14939694463879,8.99267095861891,4.04710846300535
11.82,-0.27623561918809,9.03235336550545,1.19077073659652,4.05393113219096,-0.300537509591137,1.93932133226805,0.587965587116495,9.03319333411338,4.06456925780649
11.84,-0.433255436062927,9.05142692484787,1.74821104540355,4.03578114883965,-0.13779873109081,1.7155840985354,0.0394845824892824,9.06968538573572,4.07088035561025
11.86,-0.490823425705209,9.10228180732159,1.97405162217255,4.04841918294733,0.963991314888912,1.49714950974801,-0.512598684157765,9.10185676032461,4.06612597824948
11.88,-0.5,9.13038898973477,1.17283789021516,4.07434080143521,-0.846501795788757,1.32594887313341,-1.08399787752904,9.13002875685243,4.05017413336201
11.9,-0.5,9.1491953229302,1.33165379728868,4.01455911111578,-1.88434275581409,1.19816986758694,-1.66404861510225,9.15520930627351,4.02269698102907
11.92,-0.5,9.18365514162632,0.753289623353615,3.99896709120264,-1.78148926553247,1.11293716232718,-2.24501229725777,9.17823924693753,3.98360780922583
11.94,-0.478372813811479,9.17932690786435,1.12084710634019,3.94329954049448,-2.70646640975062,1.07079810246294,-2.8205648341343,9.19999265367061,3.93294263769451
11.96,-0.348244830773996,9.22848902587992,2.3138903889862,3.89070843481262,-3.89597681863059,1.08217999521425,-3.39141782644763,9.22132769298064,3.87087925008769
11.98,-0.0102905091509863,9.27188252342379,0.703102777424292,3.78746046774926,-4.17001943506244,1.2252751279832,-4.01033397335514,9.2441546522462,3.79696445739923
12,0.527587501709588,9.2566131369769,0.702740122629786,3.72390765741012,-4.51727163648741,1.57411040757782,-4.73136196051107,9.27180277336379,3.70972731730347
12.02,1.05247123837618,9.29999212832898,1.67243917596647,3.60676960228976,-5.94141398491097,2.16507378477624,-5.58439687408851,9.30875537430228,3.60681980941904
12.04,1.36651087212585,9.32351070401555,3.87892224856454,3.48625109801368,-6.67755838101645,2.89004834336374,-6.47445078334514,9.35930679377012,3.48609288420877
12.06,1.48164685141042,9.45514901827157,4.16021533992987,3.33966726704911,-6.52154042473149,3.42823234266624,-7.10170802446534,9.42312454146021,3.34957692951733
12.08,1.5,9.48991931761275,1.8132091428583,3.22538948102442,-7.19182732994478,3.45063854786176,-7.14451282466689,9.49290675983115,3.20600079479629
12.1,1.5,9.5276773839859,3.41773261127183,3.05199417385131,-6.83862086256397,2.98265368089253,-6.6214101501596,9.55778986068409,3.06765979363498
12.12,1.5,9.62662862206362,2.37633756903355,2.95184464652186,-5.66090865032151,2.38895149892133,-5.88808541783633,9.61141430123686,2.94250694129063
12.14,1.48918640690574,9.62273088674724,1.44299701655886,2.82555782783845,-5.49352646761337,1.89361867881302,-5.16799672290403,9.65405126828545,2.83200138461256
12.16,1.424122415387,9.68434850272598,2.63966993233931,2.73210358781733,-4.41083839792795,1.52213730599275,-4.49261211251982,9.68804140626921,2.73544097796289
12.18,1.25514525457549,9.72831768404081,1.56206898969526,2.64912429192134,-4.28219096752005,1.22032641616301,-3.82156225650169,9.71541672764234,2.6522566106032
12.2,0.986206249145206,9.74683126231379,0.940788220541044,2.56081594911653,-3.09184655578045,0.932126201005899,-3.11689085990075,9.73693820973867,2.58280972844249
12.22,0.72376438081191,9.76594921286245,0.503068321076849,2.52545042969012,-1.51019515236166,0.643612521093411,-2.37864750295912,9.75267288783398,2.52782638063249
12.24,0.566744563937073,9.76695399515686,-0.0518183375491699,2.50040814302206,-1.87122871021437,0.382462554800002,-1.64007713955857,9.76285650158088,2.48767043552021
12.26,0.509176574294791,9.76387647936049,-0.257025532528221,2.45060128128154,-1.29204107967231,0.175123754912879,-0.930149862923902,9.7683419627892,2.46202280256354
12.28,0.5,9.75667297385573,0.252395752501711,2.44872649983517,0.504384753595777,0.0228214138319071,-0.257272059305058,9.77023740228802,2.45021081837839
12.3,0.5,9.77397230946056,-0.166991845876696,2.47077667142537,0.128887204988237,-0.0892644536512656,0.382358260785688,9.76952306198887,2.45151089083739
12.32,0.5,9.74999330002066,-0.112122708770057,2.4538819880347,1.31404027648739,-0.178245533338509,0.993786953200719,9.76681720565156,2.46531979790546
12.34,0.510813593094261,9.76948740110975,0.147915198929249,2.52333828248487,1.69986361535562,-0.254470822189438,1.57689355806532,9.76247392869883,2.49107614753395
12.36,0.575877584613002,9.75590990797783,0.013749037812083,2.52187653264892,-0.117844206130946,-0.308754077967787,2.11655943116596,9.75677805671371,2.5281113550789
12.38,0.744854745424507,9.77003736262224,-0.937046531079933,2.51862451423963,3.20959028657962,-0.305253828625652,2.57593857701043,9.75048481833741,2.57522491642923
12.4,1.01379375085479,9.71842804673464,-0.48018579918061,2.65026014411211,4.1107228770755,-0.184164949474236,2.896418035057,9.74536615416754,2.63021267938077
12.42,1.27623561918809,9.75082993065501,0.0210837316153345,2.68305342932265,1.86703434498654,0.0845834729025312,3.04209404448697,9.74412955857125,2.6898932844315
12.44,1.43325543606293,9.71927139599925,0.25934908963281,2.72494151791157,2.72821854486881,0.46321534184164,3.03604624522977,9.74949096068809,2.75087512014925
12.46,1.49082342570521,9.76120389424032,1.55144015496242,2.7921821711174,3.97020241260289,0.873803393058243,2.94282555037347,9.76286782163107,2.81075467830154
12.48,1.5,9.78132900219775,1.9973532832235,2.88374961441568,3.39679893313495,1.25730052295759,2.81693152756092,9.78424955704238,2.86838081231201
12.5,1.5,9.84109802556926,1.51455902334559,2.9280541284428,1.86603172629655,1.58894579099914,2.68540101925344,9.81280411039008,2.92340345615584
12.52,1.5,9.84191136313157,1.03760855485371,2.95839088346754,2.94250808698484,1.86970977920769,2.55245434622129,9.84743496162377,2.97581793729533
12.54,1.5,9.88260236776341,2.60613435845038,3.0457544519222,3.12682614084504,2.10316979628672,2.41976333859596,9.88721118980473,3.02556553734586
12.56,1.5,9.94615673746959,2.70015302054967,3.08346392910135,1.41323352179674,2.2939377289346,2.28750930533443,9.93130861956424,3.07258193525564
12.58,1.5,9.9906084885854,1.86758533563154,3.10228379279407,1.2426441832627,2.45404961357636,2.14840927230427,9.9787933624624,3.11699376048583
12.6,1.5,10.0208601508948,2.47675609994022,3.13316969643185,2.74488384733022,2.58529314317866,2.00432985285313,10.0292306936247,3.15853066549873
12.62,1.5,10.089678732583,2.52077950711675,3.21207914668727,1.94276792978622,2.69413766774584,1.85247254586165,10.0820982902775,3.19707438761511
12.64,1.5,10.1216913311795,2.42169047456424,3.2108804136233,1.75343102517698,2.78737542624252,1.68953708894199,10.1369244126425,3.23252505281704
12.66,1.5,10.1865463515656,2.92868982737495,3.28221638769435,1.42834941769128,2.86588964208068,1.51772772623796,10.1934897277788,3.26460198383077
12.68,1.5,10.2388389242745,3.45615107528054,3.26801439033095,0.515439242096505,2.93341846849618,1.33650009587347,10.2514992521845,3.29315936398373
12.7,1.5,10.3247923945768,3.70337328661257,3.30283395737821,2.04831258975139,2.99163257415636,1.14724734280273,10.310757330405,3.3180156707477
12.72,1.5,10.386973855739,2.78953415898311,3.34994689392101,0.790728932979823,3.04148272941321,0.952036562613424,10.3711107088312,3.33900760371158
12.74,1.5,10.4363737609361,2.33076969437902,3.33446311469741,0.276416223665954,3.08472153826811,0.752138886369165,10.4323843799355,3.35605436261216
12.76,1.5,10.4802046435142,3.04017994878776,3.36100354286765,1.14692427912426,3.12186059312882,0.549982880938487,10.4944585265087,3.36907936538895
12.78,1.5,10.5579809588876,3.31215142523038,3.38034008586238,0.85163014078804,3.15321824462089,0.348139575650664,10.5572199821037,3.37805634609279
12.8,1.5,10.6126907005234,3.50053234685168,3.39506874849917,0.576714774491016,3.17906813766287,0.149112640774901,10.6205543846728,3.38301910101001
12.82,1.5,10.6980022527617,3.1948601710432,3.40340867684202,-0.215817079024705,3.19896329703688,-0.044035135268684,10.6843711827376,3.38403350315819
12.84,1.5,10.7404851073651,2.41888996118709,3.38643606533818,-1.43085408967825,3.21324106695232,-0.229022131090532,10.7485253276368,3.38126730338278
12.86,1.5,10.7947578512092,3.3830427464665,3.34617451325489,-0.337714165378689,3.22185910725122,-0.403399164958779,10.8128744336407,3.37493429571913
12.88,1.5,10.8758068172238,3.12209260640706,3.37292749872303,0.229386345864313,3.22374260080706,-0.563979459355535,10.8773092679413,3.36526448340503
12.9,1.5,10.9196415554655,3.77950967218821,3.35534996708946,-1.12391566996711,3.21725035046518,-0.707264230238812,10.9417325846863,3.35252111219013
12.92,1.5,11.0269872041113,3.32219876174862,3.32797087192435,-0.356364034171108,3.20254479411683,-0.831610207544117,11.0059528166897,3.33709040917815
12.94,1.5,11.0525295059354,2.23293884247378,3.34109540572262,-0.210287695472544,3.17969473835938,-0.935538185710452,11.0697856995928,3.31938753924887
12.96,1.5,11.1163047578103,4.79805113283533,3.31955936410545,-0.83590961458142,3.14848131114949,-1.0175800466923,11.1330722291586,3.29982840456014
12.98,1.5,11.2444515512488,3.52625376401159,3.30765902113936,-1.77768937295415,3.10927645325536,-1.07709107274421,11.1956481994731,3.27885463433835
13,1.5,11.2573549083707,1.93480533428638,3.24845178918728,-1.95265429064678,3.06291264521995,-1.11412422741119,11.2573600806371,3.25692239197241
13.02,1.5,11.3218437646203,2.8156931219832,3.22955284951349,-0.50146280749056,3.00996947975012,-1.12878060658868,11.3181017720811,3.23445587351319
13.04,1.5,11.3699826332501,2.49282473091861,3.22839327688766,-0.435696121363338,2.95242564399158,-1.1227452247551,11.3777575801419,3.2118867309138
13.06,1.5,11.421556753857,3.69699509442505,3.21212500465895,-1.23891810720822,2.89333228077031,-1.09897385442452,11.4362130625227,3.18964369426431
13.08,1.5,11.5178624370271,3.17516432476133,3.17883655259933,-1.37921615783472,2.83378579549739,-1.05885697489968,11.4934610294266,3.16805809184155
13.1,1.5,11.5485633268475,1.96386702619189,3.15695635834557,-0.787212214805932,2.77443122789381,-1.0036229144735,11.5495415865582,3.14741064818528
13.12,1.5,11.5964171180747,2.83025390541436,3.14734806400709,-1.34639310879008,2.71699375762696,-0.93568934404655,11.6044762741496,3.12797795288118
13.14,1.5,11.6617734830641,2.14008491997566,3.10310063399396,-1.1125551384436,2.66381017339184,-0.858221545539726,11.6582833203522,3.11001814043281
13.16,1.5,11.6820205148738,1.92272274298046,3.10284585846935,-1.06500262047627,2.6151328077517,-0.772634532789906,11.711066692438,3.09369419691734
13.18,1.5,11.7386823927833,3.49612353378927,3.06050052917491,-0.953615453319101,2.57152967003889,-0.680779387030608,11.7629248182998,3.07915123630836
13.2,1.5,11.8218654562253,3.53101078589244,3.06470124033658,-0.00237678241434836,2.53339686071521,-0.584428982120202,11.8139625493799,3.06649669909325
13.22,1.5,11.879922824219,2.50037433679005,3.06040545787834,-0.767713877755061,2.50076278583951,-0.485089148769922,11.8642972066504,3.0557955159475
13.24,1.5,11.9218804296969,2.35601092290953,3.03399268522638,-0.926349162005113,2.47379948594445,-0.384468063503783,11.9140383180973,3.0470938610416
13.26,1.5,11.9741632611354,2.18856151014957,3.02335149139813,0.251493573247386,2.45266690146896,-0.284287941429258,11.9632914997607,3.04041029956249
13.28,1.5,12.0094228901029,2.44672555097356,3.04405242815628,0.174571294201997,2.43702793893706,-0.185789251839872,12.0121740316652,3.03571922809147
13.3,1.5,12.0720322831743,2.23121409386136,3.03033434316621,-0.995737613873116,2.42645102134817,-0.0901011160549202,12.0608003239461,3.03296633298836
13.32,1.5,12.0986714538574,2.29151653791018,3.00422292360135,0.839322641495754,2.42086763021782,0.00135426431174934,12.1092653725139,3.03208693795702
13.34,1.49459320345287,12.1636929446907,2.04600463468596,3.06390724882604,1.3018456131074,2.41876165947588,0.0886097639408155,12.1576587295633,3.03299201939912
13.36,1.4620612076935,12.1805116392448,2.61705705768249,3.05629674812565,-0.76557094206029,2.40751874061309,0.182353976102217,12.2059571477576,3.0356725439737
13.38,1.37757262728775,12.268375226998,3.34867338613298,3.03328441114363,0.0136378043353869,2.36198894843979,0.305135845729992,12.2537298536821,3.04048014853752
13.4,1.2431031245726,12.3144585746901,0.765281120571171,3.05684226029906,1.16689890334509,2.25653738468215,0.479429307450803,12.3000090910359,3.04824761427834
13.42,1.11188219040596,12.2989864718208,1.1981318242571,3.07996036727744,0.740078281844347,2.10174770283654,0.692221694408595,12.3436499678029,3.05992667236686
13.44,1.03337228196854,12.3623838476604,2.7332378491026,3.08644539157284,0.508318492707394,1.94993730778516,0.8899180771017,12.3841043731741,3.07583100208585
13.46,1.0045882871474,12.408315985785,2.92152970515938,3.10029310698573,1.06991606776788,1.84553887913804,1.02664109571537,12.4219759624966,3.09510471897228
13.48,1,12.4792450358668,2.95398376852147,3.12924203428355,0.77454982791727,1.7990477498399,1.09028041957822,12.4583513048154,3.11637263119905
13.5,1,12.5264753365258,0.742410052904452,3.13127510010242,1.18795285575669,1.7976433726882,1.09246392805922,12.4942424996328,3.13830215773406
13.52,1,12.508941437983,1.02162644589203,3.17676014851382,1.02993252836174,1.82023470731994,1.05378443242981,12.5304017190406,3.15981277735407
13.54,1,12.5673403943615,2.79013803973571,3.17247240123689,1.17944402465685,1.85569230980061,0.986016854064308,12.5671385078238,3.18025877729825
13.56,1,12.6205469595724,1.51892766001329,3.2239379095001,1.77307256394555,1.89559381955445,0.898683792541561,12.6046518300776,3.19912972027273
13.58,1,12.628097500762,1.45930329819741,3.24339530379471,0.22738568203573,1.93607406721959,0.797225897419328,12.6429681239812,3.21611015845226
13.6,1,12.6789190915003,2.44834244107719,3.23303333678152,-0.269309937485984,1.9743270388453,0.686185272253178,12.6820762317375,3.23095827888221
13.62,1,12.7260311984051,2.2160294173625,3.23262290629527,0.402790014023369,2.00887140916498,0.568923296572281,12.7219183025636,3.2435147541207
13.64,1,12.7675602681948,2.60458520655154,3.24914493734246,-0.158205000731282,2.03917343177722,0.447943374642723,12.7624030868664,3.2536901978909
13.66,1,12.8302146066672,2.28393887391896,3.22629470626602,-0.0667857031114605,2.06454686391494,0.325860645260959,12.8034490624178,3.26142794308371
13.68,1,12.8589178231515,1.2959623505707,3.246473509218,1.70947158830986,2.08480903606332,0.204797609285807,12.8449565086597,3.266726908167
13.7,1,12.88205310069,2.43431569131909,3.29467356979842,0.959373916906869,2.10007920918287,0.0865633994379916,12.8868131635586,3.26963484636638
13.72,1,12.9562904508043,2.25848398579647,3.28484846589428,-1.29269238832446,2.11022838256009,-0.0269136579028847,12.92891905654,3.27022645123901
13.74,1,12.9723924601219,1.77902855293084,3.24296587426544,0.275153001849548,2.11494359771388,-0.133651956172876,12.9711839842841,3.26860392462818
13.76,1,13.0274515929215,2.02187182767717,3.29585458596826,0.549874743169987,2.11444417807384,-0.232245691775439,13.0134955403737,3.26492171028683
13.78,1,13.0532673332289,2.48579724987219,3.26496086399224,-1.17302268759393,2.10910523541493,-0.321562163168012,13.0557380397147,3.25936856746097
13.8,1,13.1268834829164,2.41606742913762,3.2489336784645,-0.965622094297947,2.09896799053695,-0.400347493694432,13.0978163231015,3.25214058070238
13.82,1,13.1499100303944,0.53814711249478,3.22633598022032,-0.190563339592387,2.08387530851199,-0.467349781738644,13.1396506855093,3.24344456536115
13.84,1,13.1484093674162,1.92404852293198,3.2413111448808,-0.257621240882044,2.06439263739209,-0.522136614350768,13.181141491706,3.23352653995462
13.86,1,13.2268719713117,2.47103567610525,3.21603113058504,-0.978110735529514,2.04106047931223,-0.56443369376492,13.2222018231472,3.22264060809877
13.88,1,13.2472507944604,1.89293353656632,3.20218671545962,0.474253668516234,2.01442296645531,-0.594180779343747,13.2627604263232,3.21103599591474
13.9,1,13.3025893127744,2.6388369266356,3.23500127732569,-0.273944425561212,1.98512418042077,-0.611617217383238,13.3027581167672,3.19895898434315
13.92,1,13.3528042715259,1.49302708946126,3.19122893843718,-0.752672598963244,1.95393800706928,-0.617277308496759,13.3421460424247,3.18665390051115
13.94,1,13.3623103963528,1.49564116306289,3.20489437336716,0.220631312137987,1.9214036140527,-0.611662920366733,13.3809000442696,3.1743476285565
13.96,1,13.4126299180484,2.59786723912048,3.2000541909227,-0.665980544315825,1.8882825086844,-0.595653740672003,13.419002558938,3.16225472848924
13.98,1,13.4662250859177,2.1626486005784,3.17825515159453,-2.28865926340002,1.85557730895413,-0.570517881165841,13.4564414154537,3.1505773437775
14,1,13.4991358620715,1.98201845397361,3.10850782038669,-1.55702091092124,1.82387207397211,-0.537275080100592,13.4932311105008,3.13948752681948
14.02,1,13.5455058240766,1.36510028128747,3.11597431515768,-0.807256363628528,1.79358994859052,-0.49693456956714,13.5294024376847,3.12913499272092
14.04,1,13.553739873323,1.37980508985871,3.07621756584155,-0.156819068394753,1.76523623661563,-0.450676229376624,13.5649897185537,3.11964918207207
14.06,1,13.6006980276709,1.84319677480933,3.10970155242189,0.493748277654837,1.73931739923501,-0.399763764423734,13.6000328050899,3.11113616437971
14.08,1,13.6274677443154,1.63069125331958,3.09596749694775,0.462961018851249,1.71597767488821,-0.345184280491743,13.6345878553634,3.10367008309924
14.1,1,13.6659256778037,1.37926597882885,3.12821999317594,0.177704456472805,1.69563159698364,-0.288286065459572,13.6687068761934,3.09732027840428
14.12,1,13.6826383834685,0.958972011221526,3.10307567520666,-0.94693959882669,1.67857507541166,-0.230315719625956,13.7024456237095,3.09213135600331
14.14,1,13.7042845582526,2.60648195795739,3.09034240922287,0.140866106393522,1.66484388548467,-0.172266319597007,13.7358674268673,3.08811742702795
14.16,1,13.7868976617868,2.07725936777341,3.1087103194624,-0.971858317181484,1.65421366793711,-0.114877418286182,13.7690431874492,3.085262108033
14.18,1,13.7873749329635,1.22566081191708,3.05146807653561,-0.49519991707393,1.64638041790813,-0.0587984070837206,13.8020445056454,3.08352856787502
14.2,1,13.8359240942635,2.35964764649417,3.08890232277944,0.995914238502993,1.64156362062978,-0.0051565292810833,13.8349222398435,3.08289006769834
14.22,1,13.8817608388233,1.64063132326908,3.09130464607573,-0.122137963787883,1.6397724425612,0.0451515301433738,13.8677321394888,3.08329424223834
14.24,1,13.9015493471943,1.82390408984663,3.08401680422793,-0.349478175822115,1.64082824502308,0.0914890530609603,13.9005310037448,3.08467059876592
14.26,1,13.9547170024172,1.20600293257382,3.07732551904284,-0.287595889092396,1.64438202729675,0.133464644319392,13.9333759464032,3.08693163428261
14.28,1,13.9497894644972,0.968497579080774,3.07251296866423,0.824798171537788,1.65013537634547,0.170714281750288,13.9663172870797,3.08998235895104
14.3,1,13.9934569055804,1.54606236159802,3.11031744590436,1.049425691248,1.65796950789894,0.202767402278328,13.9993950148992,3.09372620217478
14.32,1,14.0116319589611,1.65440517338618,3.11448999631415,-0.505515368009379,1.66761421476829,0.229395796288331,14.0326481917155,3.09805654127131
14.34,1,14.0596331125158,2.92863606658145,3.09009683118398,-0.205414483228705,1.67878154879027,0.250493031802658,14.0661099171417,3.10286454066207
14.36,1,14.1287774016244,1.56933454730761,3.106273416985,0.266337428822516,1.69125833241289,0.265991412471026,14.0998037841581,3.10804684115951
14.38,1,14.1224064944081,0.625744863745359,3.10075032833688,0.451898278959673,1.70470137193244,0.276007805180719,14.1337542816731,3.11348748430782
14.4,1,14.1538071961742,2.2355512717299,3.12434934814339,0.470771691403415,1.71872325501768,0.280780401922979,14.1679825977526,3.11906957780956
14.42,1,14.2118285452773,1.90723399723689,3.11958119599302,0.132160662553982,1.73301971477815,0.280567300220206,14.2025008762249,3.12468739346548
14.44,1,14.2300965560637,1.88261888305172,3.12963577464555,0.476734627146125,1.7473696297641,0.275646503125964,14.2373122166801,3.13024636717459
14.46,1,14.2871333005994,1.86398846627296,3.13865058107886,0.0783510490725225,1.76163502396657,0.266315919224974,14.2724106744702,3.13566309893413
14.48,1,14.3046560947146,1.62173591288521,3.13276981660845,-0.551480058057574,1.77573208715114,0.252895903661851,14.3077838935962,3.14086364640287
14.5,1,14.3520027371148,1.44552106202527,3.11659137875656,0.629891275293715,1.78934392450834,0.235920030315719,14.3434285561318,3.14576782838446
14.52,1,14.3624769371956,1.38789785537612,3.1579654676202,0.559241137641175,1.80208846871822,0.216072219435782,14.3793381423796,3.15030025610009
14.54,1,14.4075186513299,1.63567772457816,3.13896102426221,0.254391453216019,1.81373893016012,0.193926796386236,14.4154983185504,3.15440259194644
14.56,1,14.4279040461788,1.59597761691566,3.16814112574884,1.45698897014208,1.82422713884437,0.169938994054467,14.4518872235743,3.15803370585844
14.58,1,14.4713577560065,2.50921600528011,3.19724058306789,-0.105606151074455,1.83364354441235,0.144444952851048,14.4884754691015,3.16116967530932
14.6,1,14.52827268639,2.97474643823996,3.16391687970586,-0.471795859668811,1.84203707847829,0.117836395635146,14.525234102936,3.16379421194723
14.62,1,14.5903476135361,1.10792849218115,3.17836874868114,-0.205444481395212,1.84910228983189,0.0908421525051,14.5621464510936,3.1658832978659
14.64,1,14.5725898260772,1.15296337234039,3.15569910045005,-0.149743336385488,1.8547578731343,0.0639925035631797,14.5991869228384,3.16743166436033
14.66,1,14.6364661484297,2.09309470791035,3.17237901522572,0.678042549508051,1.85900467083002,0.0377215007923997,14.6363280170263,3.16844567086956
14.68,1,14.6563136143936,1.28606770993547,3.18282080243038,-0.16895704868698,1.86191846223219,0.0123730498301929,14.6735406226104,3.16894295835111
14.7,1,14.6879088568271,2.07618709665822,3.16562073327824,-0.768009011977133,1.86354267444061,-0.0116976478353326,14.7107978289109,3.16894681497366
14.72,1,14.7393610982599,2.12404435313234,3.15210044195129,-0.26954289089125,1.86388233712013,-0.0341092724304133,14.7480745203863,3.16848556251284
14.74,1,14.7728706309524,2.11367419625779,3.15483901764259,0.40658802977348,1.86300900793808,-0.0545768899438054,14.7853452160122,3.16759554892972
14.76,1,14.8239080661103,2.26400268087472,3.16836396314223,-0.309506287177796,1.8610054763378,-0.0728696642679237,14.8225867071538,3.16631754571301
14.78,1,14.8634307381874,2.38190278108275,3.14245876615548,-0.418045018415214,1.8579660639337,-0.0888118107631697,14.8597780982232,3.16469630298148
14.8,1,14.9191841773536,1.22510273827281,3.15164216240562,-0.30703449990197,1.85400169727055,-0.102278354944216,14.8969001231618,3.16277911658252
14.82,1,14.9124348477183,1.16790326933796,3.1301773861594,-0.678993819196727,1.84923517152584,-0.113177062002156,14.9339344612999,3.160619087974
14.84,1,14.9659003081271,3.29493723072982,3.12448240963775,0.164265783028916,1.84379374056402,-0.121467642470578,14.9708657651496,3.15826890344584
14.86,1,15.0442323369475,2.23887397607765,3.13674801748056,1.06251974500741,1.83780889276155,-0.127164549985125,15.0076818745511,3.15577988198736
14.88,1,15.0554552671702,1.33545978837066,3.16698319943805,0.402711434390468,1.83141635100687,-0.130336981283506,15.0443738166723,3.15320197528723
14.9,1,15.0976507284823,0.697085690600741,3.15285647485617,-0.436203325600593,1.82475947111903,-0.131108771649652,15.0809354787197,3.15058364425756
14.92,1,15.0833386947942,0.829154433426904,3.14953506641402,-0.229486159309433,1.81798694021323,-0.129623428572621,15.1173616660843,3.14797162599385
14.94,1,15.1308169058194,3.21938799653876,3.1436770284838,-0.146634366044629,1.81119128605596,-0.126012475080986,15.1536519274758,3.14541145055005
14.96,1,15.2121142146558,2.2041979503955,3.14366969177224,-0.956601913078214,1.80446995556054,-0.120446017803256,15.1898078862154,3.14294429259329
14.98,1,15.2189848238352,1.36803468198581,3.10541295196067,-0.322160283825101,1.79793619109327,-0.113137972932103,15.225832534687,3.14060654510581
15,1,15.2668356019352,2.10212224201931,3.13078328041923,0.981974383589546,1.79171903047338,-0.104346066224364,15.2617302343378,3.13842981938492
15.02,1,15.303069713516,1.61257056370552,3.14469192730425,-0.12332822767539,1.78596057195858,-0.0943679006001494,15.2975067227354,3.13644093145559
15.04,1,15.3313384244834,2.07376772018546,3.12585015131222,-1.00580337279726,1.7807256562776,-0.0834322930306163,15.3331707256536,3.13466166149149
15.06,1,15.3860204223234,1.49492143102092,3.10445979239236,1.63065250596713,1.77601931562537,-0.0717408295216882,15.3687349506936,3.13310918691902
15.08,1,15.3911352817243,1.19357350039881,3.1910762515509,1.59431882368092,1.77186482928654,-0.0595213075812092,15.4042120213568,3.13179611815472
15.1,1,15.4337633623394,1.74598990761763,3.1682325453396,-1.54159500986986,1.76829896299175,-0.0470127176589094,15.4396139542057,3.13073041353586
15.12,1,15.460974878029,2.28861569457295,3.12941245115611,-0.959567330839528,1.7653719689177,-0.034465243146403,15.4749521588638,3.12991537932037
15.14,1,15.5253079901223,2.14134116125662,3.12984985210601,0.256494308889521,1.76314687255451,-0.0221394831298296,15.5102374563511,3.12934968003804
15.16,1,15.5466285244792,1.1950847037502,3.13967222351169,0.560740631683765,1.76161734305739,-0.0102251958557156,15.5454827219928,3.12902773892606
15.18,1,15.5731113782723,1.66148458916302,3.15227947737337,-0.477406909907108,1.76071498246724,0.0011404820873291,15.5807033612381,3.12893895188009
15.2,1,15.6130879080458,1.07187545078076,3.12057594711541,0.424024966341374,1.76039793454913,0.0118079379195543,15.6159130091636,3.12906987106033
15.22,1,15.6159863963035,1.73483249404094,3.16924047602702,0.0483863005581675,1.76063598714875,0.021637458787036,15.6511235188323,3.1294050609061
15.24,1,15.6824812078074,2.44260982003754,3.12251139913773,-1.45667687371406,1.7614105721924,0.0304992317616823,15.6863449612939,3.12992709813584
15.26,1,15.713690789105,1.31814246320583,3.11097340107846,0.361792398173866,1.7627088626852,0.0382778674855856,15.7215859041062,3.13061645189153
15.28,1,15.7352069063356,2.5723044538303,3.13698309506469,0.450157091206504,1.76445191650928,0.044927024987342,15.756856837456,3.13145041054993
15.3,1,15.8165829672582,1.91028405938813,3.12897968472672,0.445218112218526,1.76657236406572,0.0504103390453707,15.7921664977105,3.13240575632641
15.32,1,15.8116182687111,1.36620129509675,3.15479181955343,0.551459162267409,1.76901082938172,0.0547060374727621,15.8275219153395,3.13345884118636
15.34,1.00540679654713,15.8712310190621,2.90406777769872,3.15103805121741,-1.16839720278609,1.77290753675789,0.0566616680750609,15.8629332527291,3.1345816473056
15.36,1.0379387923065,15.9277809798191,2.10062213840407,3.10805593144199,-0.82938929131835,1.79089760073949,0.0441849518494388,15.8985304155759,3.13563068512578
15.38,1.12242737271225,15.9552559045983,1.30822870908802,3.11786247956468,1.27773493037991,1.84817810752915,-0.00646110839560431,15.9348309757603,3.13609453155729
15.4,1.2568968754274,15.9801101281826,1.12180414709102,3.15916532865718,-0.451744445875268,1.96902848088394,-0.117258943409883,15.9728918528433,3.13496095875686
15.42,1.38811780959404,16.0001280704819,2.21872259443412,3.09979270172967,0.0310418782303312,2.14076197651241,-0.273690587768546,16.013941238424,3.13109034699691
15.44,1.46662771803146,16.06885903196,2.67250763939808,3.1604070037864,0.0543976363715837,2.31028617276511,-0.422153137554888,16.0585040027407,3.12407006696111
15.46,1.4954117128526,16.1070283760578,1.41456931554469,3.10196860718453,-1.23285695265892,2.43253823001621,-0.517461524037259,16.1060215928914,3.11457379100951
15.48,1.5,16.1254418045818,3.04608457294533,3.11109272568004,-0.0799038341576797,2.49861848273631,-0.550288180826654,16.1554188536308,3.10379971133548
15.5,1.5,16.2288717589757,2.6355465584885,3.09877245381823,-1.05822350760342,2.52367012712864,-0.535201932276733,16.2056934669996,3.09288133166408
15.52,1.5,16.2308636669213,1.42971744632998,3.0687637853759,-0.612696358757736,2.52614826154366,-0.490503473889011,16.2562211042383,3.08258357140652
15.54,1.50540679654713,16.2860604568288,3.06910351187053,3.07426459946792,-0.382241513319559,2.51891287170986,-0.429397844240293,16.3066761849156,3.07336922321718
15.56,1.5379387923065,16.3536278073961,2.62789306675968,3.05347412484312,-0.49584148202777,2.52080902962015,-0.370971814162706,16.3570372343201,3.06539095915187
15.58,1.62242737271225,16.3911761794992,3.69092533084334,3.05443094018681,-0.225676068164749,2.56052287815757,-0.343553144928951,16.4077669179733,3.05831842581702
15.6,1.7568968754274,16.5012648206299,3.36391293563194,3.04444708211653,-0.125636416209096,2.66493551464934,-0.373124246360829,16.4599108866435,3.05124870657936
15.62,1.88811780959404,16.5257326969245,1.752390775503,3.04940548353844,0.357822756083026,2.82186993565662,-0.447573474832882,16.5147323289328,3.04307682736353
15.64,1.96662771803146,16.57136045165,2.51331049507906,3.05875999235985,-0.423820031648836,2.98057218452437,-0.517429939974315,16.5727968737335,3.03337748124073
15.66,1.9954117128526,16.6262651167277,3.55792439909335,3.03245268227249,-2.03500425718282,3.09813392897899,-0.541072556453816,16.6336573013286,3.02270980766452
15.68,2,16.7136774276137,3.53868342997785,2.97735982207254,-1.05969459341003,3.16539399934526,-0.509843969182222,16.6963668772354,3.01211863805043
15.7,2,16.7678124539268,2.42199330081379,2.99006489853609,-0.154000364524853,3.19671145388186,-0.438080454451027,16.760030390544,3.00258921779101
15.72,2,16.8105571596463,2.92832076958236,2.97119980749154,-0.0430561124978635,3.20932136284916,-0.343334756745306,16.8241138762855,2.99474564348545
15.74,1.95674562762296,16.8849452847101,3.89870249582334,2.98834265403617,-0.396960849061134,3.20496658407352,-0.228658485208449,16.8883216114347,2.98895907390298
15.76,1.69648966154799,16.9665052594792,3.18531366841359,2.9553213735291,0.146552759376484,3.09320860135482,-0.00969121494450073,16.9516124600794,2.98627966276585
15.78,1.02058101830197,17.0123578314466,2.00417620289901,2.99420476441123,1.36243371916548,2.6814459981369,0.493990141510882,17.0100602147494,2.9904605282623
15.8,-0.0551750034191755,17.0466723075952,1.55605107796397,3.00981872229572,2.40720874410986,1.76764771935961,1.46786348038666,17.0554483179187,3.0092468337038
15.82,-1.10494247675236,17.0745998745652,1.11414455265537,3.09049311417563,2.82941261118329,0.408315446073479,2.84123757287946,17.077697132926,3.05193569395952
15.84,-1.73302174425171,17.0912380897014,-0.608223667274288,3.12299522674305,2.6042599522742,-0.969071921876193,4.17682686635697,17.0716670230538,3.12263885634581
15.86,-1.96329370282084,17.0502709278742,-1.45925223897727,3.19466351226659,5.08376481308707,-1.891570335885,4.99519283516588,17.0420884974412,3.21544113352183
15.88,-2,17.0328680001423,-2.00620128938551,3.32634581926653,5.6198677944895,-2.24363368085903,5.17985343656262,16.9998821768096,3.31814875661542
15.9,-2,16.9700228762988,-3.27350025306279,3.41945822404617,4.51739787109657,-2.236065358637,4.94189051252616,16.9547620933995,3.41980181105661
15.92,-2,16.9019279900198,-3.19470299949351,3.50704173411039,4.91158150160494,-2.10807310506019,4.51993733744246,16.9112084227174,3.51463175220201
15.94,-1.96755922071722,16.8422347563191,-1.85207695633487,3.61592148411037,4.75689524065475,-1.97116354637651,4.0264502608297,16.8704227181892,3.60018646600991
15.96,-1.77236724616099,16.8278449117664,-0.819823869912106,3.69731754373658,1.85338167413603,-1.81861883154086,3.46633902589194,16.8324610926968,3.67525095873735
15.98,-1.26543576372648,16.8094418015226,-1.83388029840792,3.69005675107581,1.92080251795823,-1.57402774263978,2.7882021063613,16.7982970343976,3.73804710868582
16,-0.458618747435618,16.7544896998301,-1.43208279399341,3.77414964445491,3.51341315938188,-1.15117431911555,1.9392829448874,16.7707062418725,3.78562313565576
16.02,0.328706857564269,16.7521584897628,-0.234522241918445,3.83059327745109,1.29534008971646,-0.551248318992518,0.939327984658559,16.7534813472845,3.81457602566351
16.04,0.799766308188782,16.7451088101533,0.408497054593049,3.82596324804357,-1.2539522757488,0.129618637528189,-0.121981024063305,16.7491937445242,3.82279095817739
16.06,0.972470277115628,16.7684983719466,0.571742979871726,3.78043518642114,-0.815628617431863,0.779606414772883,-1.14796433639699,16.7583901376336,3.80998331290155
16.08,1,16.7679785293482,-0.0397694266977666,3.7933381033463,-0.99881837354916,1.35672085234522,-2.09466144155958,16.7798716122555,3.77741666780564
16.1,1,16.7669075948786,1.54987848789752,3.74048245147917,-3.1370509192886,1.86348699423039,-2.95128771855209,16.8121791213567,3.72680577451525
16.12,1,16.8299736688641,3.76506285049389,3.66785606657475,-4.22966089011329,2.31454062158725,-3.7161488679286,16.8540446753785,3.6599754440012
16.14,0.967559220717218,16.9175101088984,3.32886251652944,3.57129601587464,-4.3315734913673,2.68974427920724,-4.35926752053873,16.9042851649795,3.57894556856793
16.16,0.772367246160994,16.9631281695253,2.23439253972737,3.49459312692006,-4.50749514923142,2.88151836607583,-4.7750016799898,16.9604808266694,3.4870503461479
16.18,0.265435763726479,17.0068858104875,2.04276753130674,3.39099620990538,-4.99138086101512,2.65354528964953,-4.73867252779904,17.0167154364673,3.39098362429908
16.2,-0.541381252564381,17.0448388707775,1.49162792447486,3.29493789247946,-3.73952220412205,1.79813823040582,-4.04894995147802,17.0623525541142,3.30194534886997
16.22,-1.32870685756427,17.0665509274665,-0.0412281641608558,3.2414153217405,-2.61735138047615,0.432494495214983,-2.8164020900531,17.0851595007929,3.23272969151625
16.24,-1.79976630818878,17.0431897442111,-0.597284230641293,3.19024383726041,-0.822954680382282,-0.959539957619808,-1.51849741868274,17.0795297325981,3.18967711512921
16.26,-1.97247027711563,17.0426595582408,-1.74701345511314,3.20849713452521,-0.762951569688541,-2.01527520436644,-0.525076653171509,17.0491151698338,3.16986758344578
16.28,-2,16.9733092060066,-2.80961415782519,3.15972577447287,-0.600822608154616,-2.67546094087243,0.0913199392170532,17.0015905232298,3.16612567301483
16.3,-2,16.9302749919278,-2.15989366678286,3.18446423019902,0.624115496310573,-3.04212061320841,0.420929211343697,16.9440477915296,3.17161215843351
16.32,-2,16.8869134593353,-3.18132225185535,3.18469039432529,-0.0461448861762803,-3.23462972155306,0.575573452280935,16.8810591568514,3.18180345882485
16.34,-2,16.8030221018536,-4.03190342633444,3.18261843475197,0.690047432233221,-3.32864334024226,0.626935178885909,16.8153038078878,3.1939609012112
16.36,-2,16.7256373222819,-3.37822204235607,3.21229229161462,0.689259226512628,-3.36785294916312,0.61697827340449,16.7482738192829,3.20647670450706
16.38,-2,16.6678932201594,-3.16189844302013,3.21018880381248,0.713285043464451,-3.37766663108447,0.570606030103888,16.6807857153019,3.21839727829835
16.4,-2,16.5991613845611,-3.28557568145982,3.2408236933532,1.07062858895259,-3.37274703669925,0.502716721895524,16.6132627630729,3.22915991240929
16.42,-2,16.536470192901,-3.56584482673927,3.25301394737058,-0.504640662512468,-3.361797857751,0.422673100661399,16.5459145850368,3.23842626896715
16.44,-2,16.4565275914915,-3.25000133481472,3.2206380668527,-0.0157279372557717,-3.34931722718116,0.335964946114634,16.4788014913326,3.24602203500101
16.46,-2,16.4064701395084,-2.95546215040181,3.25238482988035,0.659352188234663,-3.33816639463984,0.246559689069385,16.4119308033854,3.25184890084572
16.48,-2,16.3383091054754,-3.14248801608619,3.24701215438209,-0.360126147982387,-3.3296417014814,0.15698041254757,16.3452583691807,3.25588236023792
16.5,-2,16.2807706188649,-2.41892681719653,3.23797978396106,1.27852321428067,-3.32436525796559,0.0691013895615996,16.2787220289424,3.25814076454663
16.52,-2,16.2415520327876,-3.65480126549835,3.29815308295331,0.311286543912681,-3.32269812823477,-0.0154925684936264,16.2122573496966,3.25867041230886
16.54,-1.95133883107583,16.134578568245,-4.44299488457753,3.25043124571756,-0.648739823119326,-3.31474927655376,-0.105043777447242,16.1458234101162,3.25751904467667
16.56,-1.65855086924149,16.0638322374045,-2.77154329550617,3.27220349002854,-0.524669804906053,-3.18851712208675,-0.305245397973536,16.080449341777,3.25373740991401
16.58,-0.898153645589719,16.0237168364248,-1.68333253101371,3.22944445352132,-1.65207853742509,-2.71724726653528,-0.82991775819655,16.02058719614,3.24314102781948
16.6,0.312071878846572,15.9964989361639,-1.50326759053967,3.20612034853154,-1.46902913665897,-1.67130259536883,-1.89002534972412,15.9756845000313,3.21688037844121
16.62,1.4930602863464,15.9635861328032,-1.04796024518725,3.17068328805496,-3.5618150651103,-0.141727099883254,-3.37632239383111,15.9570618319382,3.16459764923599
16.64,2.19964946228317,15.9545805263564,0.771146617598317,3.06364774592712,-4.76309026840002,1.33588315621653,-4.74217160401795,15.9696879761292,3.08261372015481
16.66,2.45870541567344,15.9944319975071,2.48351511010458,2.98015967731896,-4.84414022970039,2.24586045557462,-5.47084735448961,16.0065875729827,2.97928675506848
16.68,2.5,16.0539211307606,2.69321516124563,2.86988213673911,-6.14437570589812,2.55574325924605,-5.53755489106277,16.0553844675853,2.86832068747539
16.7,2.5,16.1021606039569,1.51702117995427,2.73438464908304,-5.39690187127851,2.54327506504032,-5.2217009342402,16.1066712713568,2.76032808844369
16.72,2.5,16.1146019779588,2.8563146880817,2.65400606188797,-3.21270674912922,2.44496284333386,-4.75593115440758,16.1565970204054,2.66040284306452
16.74,2.4459320345287,16.2164131914802,2.93375320434768,2.60587637911787,-3.74261969248506,2.35155261939675,-4.23151576727145,16.2045453955987,2.57044389211013
16.76,2.12061207693499,16.2319521061327,2.21414872469783,2.50430127418857,-4.87175788087092,2.22210267268941,-3.62621370104935,16.2504288782171,2.49167521401452
16.78,1.27572627287747,16.3049791404681,2.84680367302954,2.41100606388303,-3.39482779645827,1.94341152892152,-2.86736765385445,16.2924622081784,2.4264049501989
16.8,-0.0689687542739695,16.3458242530539,1.2030934730185,2.36850816233024,-1.1069661775891,1.37823151009405,-1.87548788173143,16.3262075394828,2.37857021206528
16.82,-1.38117809594045,16.3531028793889,0.222756063463336,2.36672741677947,-1.22082749541788,0.511206903294518,-0.663917453437368,16.3454679838372,2.35293345543275
16.84,-2.16627718031464,16.3547344955924,-0.344691022122312,2.31967506251352,0.84027177188456,-0.515948589671114,0.650968876884725,16.3455385139201,2.35275768206494
16.86,-2.45411712852605,16.339315238504,-1.39681230671078,2.40033828765485,3.12122739783772,-1.5550082274208,1.95404708185886,16.3248504720681,2.37882133662732
16.88,-2.5,16.298862003324,-2.75825089286421,2.44452415842703,2.21383095577614,-2.54557139768066,3.18821393306943,16.2837673571014,2.43035862264038
16.9,-2.5,16.2289852027894,-3.92375932324622,2.48889152588589,3.83124741631228,-3.49151418815142,4.33901636387244,16.2233358900146,2.5057686042407
16.92,-2.5,16.1419116303941,-4.47180380991004,2.59777405507952,5.13040376353801,-4.40208414291455,5.39470699467265,16.1443061501078,2.60331658159368
16.94,-2.4459320345287,16.050113050393,-5.02194718202111,2.69410767642741,6.97960730203606,-5.21766618719724,6.29123068029358,16.0478594369873,2.7205190925895
16.96,-2.12061207693499,15.9410337431133,-5.2433484843446,2.87695834716096,8.04046473902862,-5.65320524140797,6.7735584666036,15.9380914338964,2.85224983916086
16.98,-1.27572627287747,15.8403791110192,-6.2474132075482,3.01572626598856,5.64503605771426,-5.20491845967705,6.37746570924276,15.8275752996602,2.98566093417393
17,0.0689687542739694,15.6911372148114,-3.5910670471766,3.10275978946953,4.13602328398245,-3.57572233067615,4.81465387361245,15.7380176221601,3.09933090365633
17.02,1.38117809594045,15.6967364291321,-0.969184189886096,3.18116719734786,3.34832748191006,-1.308922651162,2.59868268656127,15.6888740035533,3.17380894386683
17.04,2.16627718031464,15.6523698472159,0.149408965855224,3.23669288874594,0.265711559657555,0.810042804984448,0.504937105077689,15.684568929351,3.20419229043804
17.06,2.45411712852605,15.7027127877664,2.84946367606382,3.19179565973416,-1.95826518369437,2.36521244119676,-1.03559755435731,15.7173741496096,3.19783468085287
17.08,2.5,15.7663483942585,3.75741679665822,3.15836228139816,-1.47243231193767,3.31797150715153,-1.966971297268,15.7751187306708,3.16687331759632
17.1,2.5,15.8530094596327,4.41223852312365,3.13289836725665,-2.25847257452655,3.80054133837655,-2.41150508013245,15.8469338540361,3.12242505957659
17.12,2.5,15.9428379351834,3.37659971451729,3.0680233784171,-2.35298376635612,3.99433943752747,-2.54455457373958,15.9252334565826,3.07247226160068
17.14,2.46215242417009,15.9880734482134,3.96585022537383,3.03877901660241,-2.52851926546459,4.01904322386992,-2.48338073552495,16.0056006457284,3.02191692643916
17.16,2.23442845385449,16.1014719441984,4.50063388455084,2.96688260779852,-2.47412034632973,3.87493211435354,-2.23086274286747,16.0848998691042,2.97438494594915
17.18,1.64300839101423,16.1680988035954,2.69349132093133,2.93981420274922,-1.71628170981125,3.46078311715904,-1.69428974268024,16.1588015849631,2.93457234780397
17.2,0.701721872008221,16.2092115970356,2.54988235585065,2.89823133940607,-1.03135944009355,2.65408436090161,-0.764412199147986,16.2206652415991,2.90928253183573
17.22,-0.216824667158314,16.2700940978294,2.4551911641411,2.89855982514548,1.26425252082317,1.51567167426933,0.490041865881091,16.2626898562196,2.90622275926517
17.24,-0.766394026220245,16.3074192436013,-0.252656407399776,2.94880144023899,2.38727906984909,0.310729727758666,1.79997266314155,16.2808448510845,2.92925876085597
17.26,-0.967881989968232,16.2599878415334,-1.43826446145106,2.99405098793944,2.42909612405564,-0.678372196687989,2.87476806998542,16.2766576048435,2.97656228548871
17.28,-1,16.2498886651432,-0.705585842473511,3.04596528520122,2.82859030627846,-1.30589348397271,3.55419177278945,16.2561558297011,3.04157854576676
17.3,-1,16.2317644078345,-1.31032576763097,3.10719460019058,3.88095556019686,-1.57267571757524,3.82608088650605,16.2268440339299,3.11599360098759
17.32,-1,16.197475634438,-1.59831469758904,3.20120350760909,4.0275475172302,-1.58527613692193,3.78930812773318,16.1949540817451,3.19255265624868
17.34,-1,16.1678318199309,-1.40944121610636,3.26829650087979,3.75941250273777,-1.46223718695559,3.56086635929135,16.1643275544432,3.26629701063368
17.36,-1,16.1410979857937,-1.13158636388651,3.3515800077186,4.46959353335254,-1.29570861442509,3.23474075025858,16.1367311107908,3.3343578276477
17.38,-1,16.1225683653755,-0.992541221135834,3.44708024221389,2.87483516263091,-1.1347703864598,2.86422362301776,16.1124558198898,3.39539674542697
17.4,-1,16.1013963369483,-0.999255917336495,3.46657341422384,1.25705936320963,-0.999313818039227,2.47456084495999,16.0911629733754,3.44880594660856
17.42,-1,16.082598128682,-0.85926753990222,3.49736261674227,1.95894988823421,-0.893478504657203,2.07608048042927,16.0722774272952,3.49432770640148
17.44,-1,16.0670256353522,-0.919917476508836,3.54493140975321,1.52749433755519,-0.814924950640693,1.67303017744853,16.0552171647398,3.53184008921737
17.46,-1,16.0458014296217,-0.9407216155914,3.55846239024448,0.672651504345168,-0.760128410880152,1.26853032401736,16.0395108935657,3.56124877639272
17.48,-1,16.0293967707286,-1.6340319457826,3.57183746992701,1.03521323885258,-0.724282739902597,0.864682987439496,16.0247098972419,3.58256464251675
17.5,-1,15.9804401517904,-0.200894819043196,3.59987091979858,1.12393149716065,-0.702931368801133,0.463860383512323,16.0104561996353,3.59584550846098
17.52,-1,16.0213609779668,0.493186993833561,3.61679472981344,-0.269257067333462,-0.693257318347328,0.0698005326929492,15.9965121676738,3.60116730812779
17.54,-1,16.0001676315437,-1.48055795872644,3.58910063710525,-0.90802277020603,-0.692876988101482,-0.313486848664528,15.9826674754858,3.59870568732853
17.56,-1,15.9621386596178,-1.17687041556729,3.5804738190052,-0.326164661208506,-0.700355943569326,-0.681376347370002,15.9687555627799,3.58872105648865
17.58,-1,15.953092814921,-0.475470262272726,3.57605405065691,-0.699216931798896,-0.715416451228867,-1.02830531675028,15.954623579802,3.57157531045658
17.6,-1,15.9431198491269,0.280770390539287,3.55250514173324,-1.31185027077118,-0.738676679701197,-1.34812785882845,15.9400941429462,3.54776314247506
17.62,-1,15.9643236305426,-1.06972888104973,3.52358003982606,-1.65329778515548,-0.772137757012359,-1.63391288845104,15.9249892443262,3.51789108693984
17.64,-1,15.9003306938849,-1.5925998132984,3.48637323032702,-2.49767243756609,-0.818938843204667,-1.87812066501929,15.9091109065719,3.482686570998
17.66,-1,15.9006196380107,-0.646438446360076,3.42367314232342,-1.59833529410263,-0.881616748359352,-2.07406847221307,15.8921391780548,3.4430742118062
17.68,-1,15.8744731560305,-1.77799741376088,3.42243981856292,-1.82059327442634,-0.961958705779769,-2.21657609996498,15.8737225039952,3.40008722505786
17.7,-1,15.8294997414602,-1.14772286949241,3.35084941134636,-2.71480430452081,-1.06085254562897,-2.30229519409456,15.8535183271414,3.35480690992454
17.72,-1,15.8285642412508,-0.369002090566051,3.31384764638209,-2.11814411691986,-1.17582262559165,-2.33212875794666,15.8311669959738,3.30837771096707
17.74,-1,15.8147396578376,-1.49732242963818,3.26612364666957,-2.73608936922671,-1.30237448093935,-2.31017660751002,15.80640498244,3.26187130178208
17.76,-1,15.7686713440652,-1.7483540732822,3.20440407161302,-2.42949544969651,-1.43331766146662,-2.24432825564459,15.7790492406981,3.21626037362797
17.78,-1,15.7448054949063,-1.09930176960726,3.16894382868171,-1.56752024283372,-1.56182996360991,-2.14313197163405,15.7490656191636,3.17235053959087
17.8,-1,15.724699273281,-1.43796011970991,3.14170326189967,-2.30392573630946,-1.6838962572386,-2.01317177673079,15.7165943342593,3.1307454958559
17.82,-1,15.6872870901179,-2.53721311140773,3.07678679922933,-2.17186740502929,-1.79597453964945,-1.86089157187532,15.6818002188242,3.09195509738079
17.84,-1,15.6232107488246,-2.85891656537922,3.0548285656985,-1.29755220023442,-1.89568797512998,-1.69187365372031,15.644887296,3.05637946279685
17.86,-1,15.5729304275027,-1.73321408432332,3.02488471121995,-1.68455411908524,-1.98366688568648,-1.50890364310963,15.6061289428274,3.02429696567607
17.88,-1,15.5538821854517,-1.30452326289423,2.98744640093509,-1.6464529688787,-2.05847487798272,-1.3167203829518,15.5656829132528,2.99603119657555
17.9,-1,15.520749496987,-1.4231556453657,2.9590265924648,-1.1948288646763,-2.12173825062527,-1.11718492218638,15.523802211339,2.97174145339003
17.92,-1,15.4969559596371,-2.47635684726148,2.93965324634804,-0.47380966641718,-2.17695947346647,-0.910370868565615,15.4808018644263,2.95145669150893
17.94,-0.978372813811479,15.4216952230965,-2.85889685740477,2.94007420580812,0.137647496124338,-2.21903492536471,-0.70440188870158,15.4367917521658,2.93533955551424
17.96,-0.848244830773996,15.3826000853409,-1.76520681319641,2.94515914619301,-0.648441365094654,-2.20445462061063,-0.542766872516235,15.3924096482509,2.92299325786533
17.98,-0.510290509150986,15.3510869505686,-1.66191653841592,2.91413655120433,-0.853866800446468,-2.04005275967134,-0.512677074067982,15.3496240532209,2.91274000560892
18,0.0275875017095877,15.3161234238043,-1.98542635105401,2.91100447417515,-0.167374408453869,-1.63976579317408,-0.690018676766964,15.3124199631745,2.90106739171706
18.02,0.552471238376179,15.2716698965265,-0.646674279989101,2.90744157486618,-0.878812666343687,-1.04329511462066,-1.02897139076554,15.2853914340375,2.88401878534879
18.04,0.866510872125855,15.2902564526047,0.0932097008325083,2.8758519675214,-1.41020070988692,-0.43538222460213,-1.35036400905492,15.2707461003333,2.86004044867073
18.06,0.981646851410418,15.2753982845598,-1.01111212401883,2.8510335464707,-1.79408614874483,0.0243132913818452,-1.50444793134922,15.2669280521936,2.83117334454619
18.08,1,15.2498119676439,-0.159041851710029,2.80408852157161,-2.3126101895212,0.309500845068279,-1.47013000145666,15.2705269047998,2.80114511969692
18.1,1,15.2690366104914,0.51439797252697,2.75852913888985,-1.15617073798651,0.468201698621852,-1.29677944294798,15.2784670389136,2.77329305980825
18.12,1,15.270387886545,0.932205750286696,2.75784169205215,-1.14864218362212,0.557680223295009,-1.04190893187528,15.2888006648975,2.74981117975784
18.14,0.967559220717218,15.3063248405028,0.766633411435702,2.71258345154497,-0.455050262279333,0.605774450556919,-0.736239001224757,15.3005119367616,2.73194319305392
18.16,0.772367246160994,15.3010532230024,0.335164042353409,2.73963968156098,0.00310296003614985,0.576884387210318,-0.354432043566101,15.3125349171586,2.72085530681581
18.18,0.265435763726479,15.319731402197,0.521842349738266,2.71270756994641,-0.149610184379356,0.366613174807307,0.187888246950568,15.3223908683676,2.71882531464114
18.2,-0.541381252564382,15.321926916992,0.395146239246236,2.7336552741858,0.729187863410541,-0.158241942783919,0.998150370439421,15.3250675033363,2.73018830885793
18.22,-1.32870685756427,15.3355372517668,-0.937549069786048,2.74187508448283,1.74012831591442,-1.01450848865836,2.07868736031407,15.3137562367437,2.76063872603808
18.24,-1.79976630818878,15.2844249542005,-2.47841524825057,2.80326040682238,3.08789341381069,-2.02411438548568,3.25473311294127,15.2834249575977,2.81401023182749
18.26,-1.97247027711563,15.2364006418368,-2.83011033750165,2.86539082103526,4.62103693818191,-2.94203054490161,4.28679976940018,15.2334268519042,2.88985153196168
18.28,-2,15.1712205407005,-3.36979983656684,2.98810188434966,5.63296596638451,-3.55028715424306,4.95865208881601,15.1677801447322,2.98312468894028
18.3,-2,15.1016086483741,-3.49525398265556,3.09070945969064,4.28917217119927,-3.74472237727532,5.16587787052302,15.0942555121167,3.08502546409393
18.32,-2,15.0314103813942,-4.30248869545142,3.15966877119763,4.26752376489353,-3.60422030508442,4.98338885070601,15.0203672753209,3.1870083719001
18.34,-1.95133883107583,14.9295091005561,-4.31947967640025,3.26141041028638,5.57312446743086,-3.29638261114569,4.57565732580876,14.9511582894246,3.28289607789309
18.36,-1.65855086924149,14.8586311943382,-1.60869845038234,3.38259374989486,5.09172093666449,-2.86774845645353,3.99285928261186,14.8892796751338,3.36890208757502
18.38,-0.898153645589719,14.8651611625408,-1.38713385726978,3.46507924775296,2.79867661260806,-2.21354538825709,3.14681528070362,14.8379401070398,3.44086427224285
18.4,0.312071878846573,14.8031458400474,-1.60592719368178,3.49454081439918,1.02952990091701,-1.20188258760391,1.93416439938347,14.803197866671,3.49225644153785
18.42,1.4930602863464,14.8009240747935,-0.190100661764037,3.50626044378964,0.072739061363658,0.130630578201319,0.416183018795944,14.7920609054211,3.51614279597505
18.44,2.19964946228317,14.7955418135769,1.97113171514363,3.49745037685373,-1.08282204683912,1.54841245683115,-1.16328825851995,14.8089375919308,3.50854392435723
18.46,2.45870541567344,14.8797693433993,3.14043967548909,3.46294756191608,-2.17976406184006,2.81357146889187,-2.56253813016411,14.8529439746059,3.47084615492683
18.48,2.5,14.9211594005964,2.93153314500958,3.41025981438013,-4.26075326460779,3.79438044919277,-3.64244402656073,14.919518711019,3.40823406499442
18.5,2.5,14.9970306691996,5.01594539140422,3.29251743133177,-4.30948625188642,4.41402632853672,-4.32366577366428,15.0022706659834,3.32784560676681
18.52,2.5,15.1217972162526,5.28806807188342,3.23788036430467,-4.05110348796612,4.6775742900559,-4.60891069987288,15.0937440177454,3.2378945021349
18.54,2.5,15.208553392075,4.09046005406344,3.13047329181312,-4.54332243121611,4.63183803403738,-4.54652736181848,15.1872908369131,3.14582534455691
18.56,2.5,15.2854156184152,3.71075042597231,3.05614746705603,-4.13929650102435,4.40786759117835,-4.26418195136324,15.2778292536078,3.05749908256387
18.58,2.5,15.3569834091139,3.57523271424078,2.96490143177215,-4.42439444164571,4.12891706695876,-3.88201834759522,15.3632498258924,2.97591215922132
18.6,2.5,15.4284249269848,3.00513037932997,2.8791716893902,-3.23292925000715,3.87220464614504,-3.47453263157706,15.4431958386198,2.90233294354535
18.62,2.5,15.4771886242871,3.46148183707151,2.83558426177186,-2.34846988990758,3.66352181128538,-3.06838809444523,15.5184680773062,2.83691327618675
18.64,2.5,15.5668842004676,4.35483079508043,2.78523289379389,-3.1604384390073,3.50525431162431,-2.6692685319308,15.5901303950654,2.7795113607621
18.66,2.5,15.6513818560903,4.0804887221555,2.70916672421157,-1.88551119412631,3.39225290728224,-2.27645613619961,15.6591277947489,2.73000296718965
18.68,2.5,15.7301037493539,3.1519835592364,2.70981244602884,-1.16876270653345,3.31966449821801,-1.8897132969976,15.7261555154154,2.68837157696578
18.7,2.5,15.7774611984597,3.32050790329066,2.66241621595023,-2.24862224286013,3.27928982592355,-1.50731390967834,15.7919902394605,2.65447764535309
18.72,2.5,15.8629240654855,3.29216611754473,2.61986755631444,-1.03579727174899,3.26196576354771,-1.12749825212199,15.8573667155521,2.62813540432348
18.74,2.5,15.9091478431615,3.62287624085491,2.62098432508027,-1.04971329669741,3.26459853650359,-0.75270626802874,15.9226120329077,2.6093368484171
18.76,2.5,16.0078391151197,4.0832030265451,2.57787902444654,-0.66948172651965,3.28321325826698,-0.385060030622649,15.9880586209361,2.59797864251991
18.78,2.5,16.0724759642233,3.11298176918005,2.59420505601949,0.0384909330163663,3.31399715981436,-0.0268577965639456,16.0540039892762,2.59388375738316
18.8,2.5,16.1323583858869,3.63494450443298,2.5794186617672,0.00857924550478062,3.35399762417433,0.319091743718945,16.1206702443925,2.59682843944205
18.82,2.5,16.2178737444007,3.21847155979551,2.59454822583968,0.717486666788092,3.40139194396522,0.649213760313011,16.188210868249,2.60654014284174
18.84,2.5,16.2610972482787,2.997410085786,2.60811812843872,1.97263108630027,3.45483107154622,0.959830290693172,16.2567627132375,2.62266663308372
18.86,2.5,16.3377701478321,2.90189049076233,2.67345346929169,2.00787594275494,3.5135072530999,1.24725713535869,16.3264403529615,2.64478035079509
18.88,2.5,16.3771728679092,3.36790456326916,2.68843316614892,1.12377667442647,3.57773584050463,1.50732158358204,16.3973096396392,2.67240746977009
18.9,2.5,16.4724863303629,3.78689671841164,2.71840453626875,1.58445106303097,3.64848452161727,1.73565899191925,16.4694371709961,2.70500424523358
18.92,2.5,16.5286487366457,4.14535319217313,2.75181120867016,2.13575078965133,3.72342924153273,1.93112419429112,16.5430595225348,2.74180214608328
18.94,2.5,16.6383004580498,4.14582379862081,2.8038345678548,2.14207894990014,3.80145759556829,2.0923025285604,16.6183301437455,2.78206491101796
18.96,2.5,16.6944816885905,3.19526975487925,2.83749436666616,2.27264558501862,3.88306722063359,2.21718980746481,16.6952989886721,2.82510948474281
18.98,2.5,16.766111248245,4.77119566770332,2.89474039125554,2.53399813449932,3.97035920204657,2.30319766443131,16.7739128207622,2.87030580300855
19,2.5,16.8853295152986,3.91662679244975,2.93885429204613,2.05729740865235,4.06204199378987,2.35140448778988,16.854218052033,2.91693033508502
19.02,2.5,16.9227763199429,3.47282406859266,2.97703228760164,1.56447710739757,4.15230876891729,2.36781451149239,16.9363444660914,2.96419559033284
19.04,2.5,17.0242424780423,4.33273123337843,3.00143337634204,1.4921429096779,4.23803361668811,2.3566643101393,17.0202619785106,3.01147586291282
19.06,2.5,17.0960855692781,4.2758958552132,3.03671800398875,2.76547416788179,4.31761907698708,2.32115292457957,17.1058585556875,3.05826098374037
19.08,2.5,17.1952783122509,4.28294525688893,3.11205234305731,2.67865719688182,4.39086413859681,2.26351030060204,17.1929503793619,3.10414625613411
19.1,2.5,17.2674033795536,3.41826551744644,3.14386429186403,1.82228540598299,4.45645909650545,2.1869802904129,17.281416808864,3.14870053479409
19.12,2.5,17.3320089329487,5.64302284939222,3.18494375929663,1.66613452150934,4.51356710503273,2.09435281490937,17.3711493323802,3.19152091863402
19.14,2.5,17.4931242935293,5.66085494610249,3.2105096727244,1.45994434226647,4.56482937504298,1.98501399946323,17.4619482576253,3.2323356950836
19.16,2.5,17.5584431307928,3.64926744067899,3.24334153298729,2.22821614773543,4.6111226452605,1.86003120554594,17.5537024174192,3.27082452962072
19.18,2.5,17.6390949911565,4.80134107727821,3.29963831863382,2.6388729526504,4.65246473557092,1.72132084530959,17.6463544975302,3.30665110524815
19.2,2.5,17.750496773884,5.11363449969888,3.3488964510933,1.69669027778402,4.69062088987982,1.56911751103024,17.7397975066619,3.33956944274462
19.22,2.5,17.8436403711444,5.04317247998198,3.36750592974518,1.67332578463356,4.7265320409106,1.40450474456715,17.8339678458577,3.36933046210981
19.24,2.5,17.9522236730832,5.12331812586053,3.41582948247864,1.06643755878487,4.76038134895685,1.22938254780942,17.9288398585698,3.39568556541579
19.26,2.5,18.0485730961789,3.81950483645719,3.41016343209657,0.382376376923721,4.79269570579494,1.04535747847398,18.0243778060586,3.41844052794619
19.28,2.5,18.1050038665415,3.88780839130769,3.43112453755559,1.06244604672859,4.823863124216,0.854200237127786,18.1205559186859,3.43743649932981
19.3,2.5,18.2040854318312,5.24307208432759,3.45266127396572,1.04292598086944,4.85389838881919,0.658094814989167,18.2173612188349,3.45254288193333
19.32,2.5,18.3147267499146,5.23616607250554,3.47284157679037,0.734016385325842,4.88333707732361,0.458737532527238,18.3147453122631,3.46370533874345
19.34,2.5,18.4135320747314,4.50749015544307,3.48202192937875,0.498232826039913,4.91209525699163,0.258358005005113,18.4126827441701,3.47089230857745
19.36,2.5,18.4950263561323,4.67550291026892,3.49277088983197,0.133664341240802,4.93940606066545,0.0597778395735935,18.5111741688613,3.47409199148596
19.38,2.5,18.6005521911421,5.2358197111781,3.48736850302838,-0.960033332330901,4.96401039767692,-0.133793807325148,18.6102294694967,3.47332499658734
19.4,2.5,18.7044591445795,4.74464202468132,3.45436955653873,-0.713813945538622,4.98577369185011,-0.320381022471906,18.7097666947836,3.4687362269079
19.42,2.5,18.7903378721294,4.86289889221467,3.45881594520684,-0.2309213184018,5.00458919834501,-0.498197744813859,18.8096806939155,3.46053010973569
19.44,2.5,18.8989751002681,5.30243463938129,3.44513270380266,-1.13337632524193,5.0192884739407,-0.66463198414152,18.9098936311057,3.44891382996157
19.46,2.5,19.0024352577047,4.12250679201813,3.41348089219716,-1.94926002063878,5.02766561740491,-0.816270197504642,19.0103535182162,3.43409842604063
19.48,2.5,19.0638753719488,4.90555062533353,3.36716230297711,0.328714614051062,5.02844684158135,-0.950804884466619,19.1109354547579,3.41638938384106
19.5,2.5,19.198657282718,7.12344549227684,3.4266294767592,0.910432627952507,5.02130862134723,-1.06704264101236,19.2114496177737,3.39617643019237
19.52,2.5,19.3488131916399,6.00759590039059,3.40357960809521,-2.37535429147789,5.00552504586373,-1.16355872242134,19.3117253372675,3.37384475564425
19.54,2.5,19.4389611187336,3.98076561770697,3.33161530510009,-1.81306447575905,4.98047133732844,-1.23917395806405,19.4115911310398,3.34979122446702
19.56,2.5,19.5080438163481,3.65153362922683,3.33105702906485,-0.959078573063299,4.94694740057659,-1.29419838535352,19.5108346123263,3.32446258763749
19.58,2.5,19.5850224639027,4.84298882323539,3.29325216217756,-1.17211155399894,4.90412777044592,-1.32751389548292,19.609330424704,3.29823700753198
19.6,2.5,19.7017633692776,5.0345162677373,3.28417256690489,-1.27078548294586,4.85269642086188,-1.33952610339387,19.7069392886095,3.27150798573079
19.62,2.5,19.7864031146122,3.99248659855456,3.24242074285972,-2.04716538396915,4.79565370416495,-1.33292735945085,19.80348002288,3.24470906921586
19.64,2.5,19.8614628332197,5.12040047841555,3.20228595154612,-1.72953750317087,4.73667186776911,-1.31113494140686,19.8987893267888,3.21825828452884
19.66,2.5,19.9912191337488,5.29526540859981,3.17323924273289,-1.12752824486466,4.67549339379925,-1.27397901441887,19.9928888373559,3.19240500725299
19.68,2.5,20.0732734495637,4.95434118966598,3.15718482175154,-0.452512865232158,4.6130207146467,-1.22252252173308,20.0857904431621,3.16740389656515
19.7,2.5,20.1893927813354,4.62704077432488,3.1551387281236,-1.38394952155591,4.5520739976156,-1.15973661359206,20.177464181467,3.14353994991035
19.72,2.5,20.2583550805367,4.2607130089829,3.1018268408893,-1.83327160580511,4.49486830568228,-1.08815440446233,20.267915980522,3.12105752082158
19.74,2.49459320345287,20.3598213016948,4.86520797256045,3.0818078638914,-1.09875229980242,4.43996061955299,-1.00701979790205,20.3572739499689,3.10007762055424
19.76,2.4620612076935,20.4529633994391,3.15660873188106,3.0578767488972,-0.536943732402151,4.37647653926584,-0.906635864688841,20.4454680968056,3.08089445793688
19.78,2.37757262728775,20.48608565097,3.48320025097637,3.06033011459531,-0.410782912848329,4.27941741799471,-0.764062331821683,20.5320837113495,3.06411619377296
19.8,2.2431031245726,20.5922914094782,5.50512910699581,3.04144543238327,-1.58065953897428,4.12464750599027,-0.557794393541596,20.6162447080031,3.05077153563105
19.82,2.11188219040596,20.7062908152498,4.24464639592106,2.99710373303634,-0.387518019367517,3.92616869949541,-0.303270355250912,20.6967946985479,3.0421124045401
19.84,2.03337228196854,20.762077265315,3.0957880389292,3.02594471160857,0.885329951003921,3.73291412534082,-0.0502372041348336,20.7733367788326,3.03862098599808
19.86,2.0045882871474,20.830122336807,3.74230527658801,3.0325169310765,0.633762915659286,3.58822762967952,0.156678660925973,20.846454374447,3.03977735370582
19.88,2,20.9117694763786,4.19650392973576,3.05129522823494,1.4779370503451,3.5012099410338,0.305890988674666,20.9172577395327,3.04449631815165
19.9,2,20.9979824939964,3.74940118867642,3.0916344130903,0.435556300997209,3.45856967372246,0.40791863673295,20.986797313101,3.05169941169362
19.92,2,21.0617455239256,3.71616841165476,3.06871748027483,-0.136697203357583,3.44327337469297,0.477579842256269,21.0557814586905,3.0605984865166
19.94,2,21.1466292304626,3.76124365324495,3.086166524956,0.417453763455633,3.44447896443741,0.524304322119032,21.1246357819987,3.07065190996907
19.96,2,21.2121952700554,2.6295234289849,3.08541563081305,0.79579892854712,3.45537097318057,0.554038495355971,21.1936250491319,3.08145750968784
19.98,2,21.251810167622,3.06359834880068,3.11799848209788,0.839220918748351,3.47220452522028,0.570078731556389,21.2628911252763,3.09272129974835
20,2,21.3347392040074,3.75249944004583,3.11898446756299,-1.05588910920849,3.4921866776147,0.575002730321554,21.3325321756856,3.10418844857412
20.02,2,21.4019101452239,3.48832616994761,3.07576291772954,0.128455211715295,3.5138407326335,0.570301377122991,21.4025916034582,3.1156555824733
20.04,2,21.4742722508053,3.23288191243707,3.1241226760316,1.36901126045536,3.53619736880476,0.557109239266962,21.473088823739,3.12694532115325
20.06,2,21.5312254217213,3.530821423207,3.13052336814776,1.14460926146281,3.55834517021399,0.536609244537301,21.5440364242566,3.13789303223684
20.08,2,21.6155051077336,3.43703291993513,3.16990704649011,0.116821375047182,3.57997853858123,0.509505380760542,21.6154212735248,3.14836411814626
20.1,2,21.6687067385187,3.73614754499121,3.13519622314964,-0.781329605259551,3.60075488935998,0.476606796432886,21.6872285518099,3.15823547774588
20.12,2,21.7649510095333,4.44210766143858,3.13865386227973,1.48259550596079,3.62000881541216,0.43908861597268,21.7594265885236,3.16741138832383
20.14,1.96215242417009,21.8463910449763,3.67308777135307,3.19450004338808,1.1747522710079,3.63058587153996,0.404408694512715,21.8319994814823,3.17579078260755
20.16,1.73442845385449,21.9118745203874,3.19191798091234,3.18564395312005,-0.408382061978463,3.5425788349771,0.458774205661239,21.903988437295,3.1841858155519
20.18,1.14300839101423,21.9740677642128,2.72970120438698,3.17816476090894,1.26591724719491,3.17859188675739,0.768779350044994,21.9718590443921,3.19585109921698
20.2,0.201721872008221,22.0210625685629,2.49948304106553,3.23628064300784,1.63039321797892,2.37698870435886,1.47858136017612,22.0281546221747,3.21766194603763
20.22,-0.716824667158314,22.0740470858554,0.435010185984996,3.24338048962809,1.48452162362785,1.23943255062114,2.47018632404003,22.0645776013754,3.2569886338257
20.24,-1.26639402622025,22.0384629760023,-0.560985591964069,3.29566150795296,3.82853790549265,0.164161824215598,3.34043235997847,22.0781843922212,3.31561975209195
20.26,-1.46788198996823,22.0516076621768,-0.0949340004778421,3.3965220058478,4.4407444425939,-0.54429711659685,3.78969030461193,22.0737159679061,3.38767766378243
20.28,-1.5,22.0346656159832,-0.54717225069929,3.47329128565671,2.89294011232964,-0.882510806335076,3.82123862538077,22.0589244864915,3.46438346828425
20.3,-1.5,22.0297207721489,-1.14905523983175,3.51223961034098,2.77776361772438,-0.999981245181762,3.58653225792935,22.0398717439504,3.53876643585066
20.32,-1.5,21.9887034063899,-0.801305082481019,3.58440183036569,3.84261894493804,-1.02868219881636,3.21794161713483,22.019503855855,3.606965736053
20.34,-1.5,21.9976685688496,0.536166761288737,3.66594436813851,3.33433580528255,-1.03218283585776,2.78177283084978,21.9988796806941,3.66704460903221
20.36,-1.5,22.0101500768414,-1.5900334174165,3.71777526257699,3.00565147514493,-1.0366698642194,2.30926204894064,21.978206144109,3.7179982575289
20.38,-1.5,21.934067232153,-1.78704577868301,3.7861704271443,2.32052204391464,-1.05079002453046,1.81571518621968,21.9573482002927,3.75927576959717
20.4,-1.5,21.9386682456941,0.425521351368374,3.81059614433358,0.960593011867439,-1.07592179717709,1.3100140364062,21.9360972005688,3.79054890500972
20.42,-1.5,21.9510880862077,-1.65684205287153,3.824594147619,-0.508282297670126,-1.10991913530729,0.798054760951696,21.9142510993623,3.81163810996043
20.44,-1.5,21.8723945635793,-2.71662613135089,3.79026485242677,0.33843888962759,-1.14956016527551,0.284890055783475,21.891662885654,3.82246524668958
20.46,-1.5,21.8424230409537,-0.873976004804611,3.8381317032041,0.497421561401146,-1.19153046411189,-0.224706609488578,21.8682529561208,3.8230546793504
20.48,-1.5,21.8374355233871,-0.00037923381865923,3.81016171488282,-2.13519564849106,-1.23267260686926,-0.726050048000238,21.8440027284795,3.81353390788489
20.5,-1.5,21.8424078716009,-1.31454959507957,3.75272387726446,-1.65369152436213,-1.27112813758843,-1.21357037985148,21.8189591136722,3.79411123806669
20.52,-1.5,21.7848535395839,-2.10427704342688,3.74401405390833,-0.356367075540975,-1.30699528570002,-1.68033754864711,21.7931792886829,3.76512619027684
20.54,-1.51081359309426,21.7582367898638,-1.42477592245189,3.73846919424282,-1.88167695384153,-1.34230793598196,-2.11813873542496,21.7666906067183,3.72708243749636
20.56,-1.575877584613,21.7278625026858,-1.52136028691663,3.66874697575467,-2.94540312727207,-1.3945035524989,-2.50614266276798,21.7394064329973,3.68070383470988
20.58,-1.74485474542451,21.6973823783872,-1.39735119769835,3.62065306915194,-2.86706988729324,-1.51889239739248,-2.79023988502306,21.7104220177267,3.6275315133304
20.6,-2.01379375085479,21.6719684547779,-1.38522160646337,3.55406418026294,-2.97852219625964,-1.76688267795255,-2.91748381973312,21.6778057018903,3.5701560922512
20.62,-2.27623561918809,21.6419735141286,-1.11099583715468,3.50151218130156,-1.979371226889,-2.16871419712704,-2.85162148470823,21.6386744159752,3.51216193044878
20.64,-2.43325543606293,21.6275286212917,-1.8433492072222,3.47488933118738,-2.59764054997582,-2.65717467356875,-2.64778174922731,21.5904655877321,3.45702467011154
20.66,-2.49082342570521,21.5682395458398,-3.74516480807916,3.39760655930252,-3.07318366420058,-3.12770347593593,-2.40429084628029,21.5325282439541,3.4065016146885
20.68,-2.5,21.4777220289685,-4.53061189614585,3.35196198461936,-1.91334091134459,-3.51277240576779,-2.19256697754227,21.4659834631034,3.36059287483001
20.7,-2.5,21.3870150699939,-3.90310943277941,3.32107292284874,-1.61095576303604,-3.80042790479555,-2.03325146092057,21.392679311185,3.31843722593817
20.72,-2.5,21.3215976516574,-3.2582011933016,3.28752375409792,-3.02367604457738,-4.01109809645622,-1.914745526058,21.3144695122301,3.27899832039125
20.74,-2.45133883107583,21.2566870222619,-3.68749058231268,3.20012588106564,-2.23198346981706,-4.15658579131764,-1.83114025460738,21.2326243140083,3.24165802654199
20.76,-2.15855086924149,21.1740980283648,-4.62330725484561,3.19824441530523,-1.47405741127145,-4.13490763651883,-1.88375099817257,21.1493128132207,3.20485127341006
20.78,-1.39815364558972,21.071754732068,-4.81878005910241,3.14116358461479,-2.56235876584611,-3.72918204794893,-2.28059668923315,21.0697800749576,3.16402037813469
20.8,-0.187928121153428,20.9813468260007,-2.8824935555777,3.09575006467139,-2.64134927107705,-2.73139577182125,-3.21008564169229,21.0041983709035,3.10997101945579
20.82,0.993060286346403,20.9564549898449,-1.69350430711814,3.0355096137717,-4.08404306545173,-1.31293916452345,-4.47644132904416,20.9634647322456,3.0332372942031
20.84,1.69964946228317,20.913606653716,-0.198157919330288,2.93238834205332,-5.47033121550109,-0.0570551415212477,-5.48339946468622,20.9504932257726,2.93274951164856
20.86,1.95870541567344,20.9485286730717,1.76256028302406,2.81669636515166,-5.59522132285621,0.653829848722283,-5.85831990919454,20.9573817831998,2.81828028572735
20.88,2,20.984109065037,0.957729543205765,2.70857948913907,-5.35507622602318,0.917343206030511,-5.71446993755318,20.9736325117747,2.7019022486767
20.9,2,20.9868378547999,1.59955491827937,2.60249331611073,-4.60174326949379,0.974689639761677,-5.29874318051244,20.9927330628424,2.59148125035095
20.92,2,21.0480912617682,0.22734525090975,2.52450975835932,-5.6014123442419,0.982857023425878,-4.76752658358698,21.0123229102952,2.49069511668132
20.94,2,20.9959316648363,-0.0451610785536793,2.37843682234106,-4.97080581757033,1.00150243920643,-4.18327790233721,21.0321257612732,2.40112538474412
20.96,2,21.046284818626,1.74676517705068,2.32567752565651,-3.13948990154868,1.04786040485342,-3.5694681114433,21.0525708120448,2.323558479668
20.98,2,21.0658022719184,0.847927296661677,2.25285722627911,-2.44042733847699,1.12362503745802,-2.93638521105365,21.0742410990342,2.25847183171161
21,2,21.0802019104925,1.12121794774263,2.22806043211743,-1.14679783343369,1.22386935757351,-2.28945355643023,21.0976849372135,2.2061909710946
21.02,2,21.1106509898281,1.64950347406654,2.20698531294176,-1.82309765142687,1.34148009723974,-1.63294853403353,21.1233147988384,2.16695575449316
21.04,2,21.1461820494551,1.7933428969374,2.15513652606035,-2.33912773644694,1.46841823871204,-0.970827767430667,21.1514011945824,2.14091476799824
21.06,2,21.1823847057056,1.50583989391535,2.11342020348388,0.0677089499818817,1.59613740060883,-0.306751404725068,21.1820926610051,2.12811093463549
21.08,2,21.2064156452118,1.15299992068483,2.15784488405963,0.491004400386519,1.7171466954288,0.355046639980001,21.2152853306728,2.12856425556797
21.1,2,21.228504702533,2.27611743412339,2.13306037949935,-0.357906683480314,1.82529251004326,1.00999848597049,21.2507346408111,2.14222122989021
21.12,2,21.2974603425767,2.40250772325581,2.14352861672042,2.28892159061821,1.91568027100247,1.6535334900201,21.2881395770294,2.16890628388003
21.14,2,21.3246050114632,1.48476158024016,2.22461724312407,2.45559577812077,1.98467444453553,2.28107824638985,21.3271426733208,2.20832177099854
21.16,2,21.3568508057863,2.20605804889402,2.24175244784525,2.40670188865592,2.03031906422737,2.88764668803628,21.3673395751798,2.26004054992599
21.18,2,21.4128473334189,1.94569777814717,2.32088531867031,4.10381329594023,2.05436950158439,3.46620592717979,21.4082552385335,2.3235881304556
21.2,2,21.4346787169122,1.89227950084785,2.40590497968286,4.73248817257519,2.06127764299901,4.00797074264594,21.4494040035907,2.39842852780029
21.22,2,21.4885385134529,2.78262007050616,2.51018484557332,4.70279763765408,2.06215533314397,4.49724875872418,21.4905901418232,2.48363529493657
21.24,2,21.5459835197324,2.44557715466813,2.59401688518902,4.67890557015173,2.07529738198518,4.91085515287486,21.5319326820011,2.57786489359596
21.26,2,21.5863615996396,1.47861701812433,2.69734106837939,4.29466255183701,2.12627526379348,5.21798864448773,21.5738722343211,2.67935063657219
21.28,2,21.6051282004574,1.58449789514536,2.7658033872625,4.48604663773541,2.24877050282097,5.37825477787439,21.6174723165158,2.78559564773703
21.3,2,21.6497415154454,4.01168329906421,2.8767829338888,4.93258354274205,2.46605461996678,5.36133868316298,21.6644658641803,2.89328782361105
21.32,2,21.76559553242,3.18498954826945,2.96310672897218,4.48449223585859,2.7658378207643,5.17600536978316,21.7167037946697,2.99888710903917
21.34,1.98918640690574,21.7771410973762,1.36801630603696,3.05616262332315,6.25071273321129,3.091551797204,4.88262298302696,21.7752871047357,3.09959199611312
21.36,1.924122415387,21.8203161846615,2.79114069374318,3.21313523830063,5.17413264050703,3.35492486722067,4.57839103438266,21.8398670196942,3.19419673305941
21.38,1.75514525457549,21.8887867251259,3.66909819858723,3.26312792894343,3.21241866122683,3.47896538094825,4.34718098580219,21.9084408384682,3.28332724247027
21.4,1.48620624914521,21.9670801126049,4.06299755209361,3.34163198474971,4.6696842849643,3.44093376498066,4.21246177573888,21.9779719619819,3.36870510509372
21.42,1.22376438081191,22.0513066272097,4.39265682586534,3.449915300342,4.75559308194691,3.29862250443869,4.11428215674079,22.0453713933657,3.45207345440014
21.44,1.06674456393707,22.1427863856396,2.75528415914295,3.53185570802758,3.70436747393459,3.14407219585267,3.96292447673627,22.1098270456058,3.53292536893486
21.46,1.00917657429479,22.1615179935754,2.79730260438118,3.59808999929938,4.03587937124806,3.04134784828745,3.70426379910956,22.1716087871708,3.6097582037926
21.48,1,22.2546784898148,2.76879748764394,3.69329088287751,3.64898163559829,2.99016160297678,3.3478389796471,22.2318545497461,3.68041943989259
21.5,1,22.2722698930811,2.54254117724475,3.74404926472332,2.1226917682749,2.96921761743401,2.92189115320966,22.2914121563863,3.74321278456114
21.52,1,22.3563801369046,4.08070215489822,3.7781985536085,2.44822365471925,2.95988509629924,2.45083867362357,22.3507067756137,3.79699182910228
21.54,1,22.4354979792771,2.71475463838975,3.84197821091209,1.98427177554914,2.95494703247875,1.94852828059809,22.4098392668996,3.84103714683569
21.56,1,22.4649703224402,2.90668061352477,3.85756942463047,1.37040469935082,2.95227525476028,1.42425793490471,22.4688990270366,3.87480140734714
21.58,1,22.551765203818,3.0242800155543,3.89679439888612,1.34091988538984,2.95313387496171,0.884525821825658,22.5279443146871,3.89791513052537
21.6,1,22.5859415230624,1.91480464313418,3.91120622004606,0.00827902716520335,2.96012966612104,0.33507305794477,22.5870628360582,3.91012636250191
21.62,1,22.6283573895434,2.8086742455292,3.89712555997273,-0.505810565547526,2.97633463319612,-0.218815401193479,22.6464100696785,3.91128844304749
21.64,1,22.6982884928835,4.43163746049153,3.89097379742416,-0.122408950389896,3.00510889934588,-0.772220968561832,22.7062023739166,3.90136804077726
21.66,1,22.8056228879631,3.12666155492263,3.89222920195713,-1.43339008752913,3.04970582976684,-1.32046024883124,22.7666882549975,3.88046628106865
21.68,1,22.8233549550804,1.9905335738212,3.83363819392299,-1.97601667937215,3.11060672009051,-1.85678421847326,22.8282349469961,3.84871032287632
21.7,1,22.8852442309159,3.21133325394509,3.81318853478224,-1.42104695793932,3.18555731740681,-2.3725387348746,22.8911878794982,3.80637292252696
21.72,1,22.9518082852382,3.19288913721456,3.77679631560542,-3.70441930253868,3.27007371578108,-2.85785414859187,22.955766182526,3.75396961120765
21.74,1.01081359309426,23.0129597964045,3.49095877401249,3.6650117626807,-3.69559016333516,3.35744235625654,-3.30164530335708,23.0220626865375,3.69225869496675
21.76,1.075877584613,23.0914466361987,3.74595511471272,3.62897270907201,-2.73835731867129,3.44027454210305,-3.69263213883349,23.0900387394012,3.62222622579306
21.78,1.24485474542451,23.162798000993,3.80805858213886,3.55547746993385,-5.4339280978303,3.54428704367652,-4.04793052586172,23.1598537186919,3.54475155670855
21.8,1.51379375085479,23.2437689794843,3.90146685235599,3.4116155851588,-5.01019864504644,3.6974147089234,-4.3877893816564,23.2321787029904,3.46037787914732
21.82,1.77623561918809,23.3188566750873,3.7699923286735,3.35506952413199,-3.21182934960227,3.88137254735046,-4.69285022461596,23.3079630179101,3.36946719275701
21.84,1.93325543606293,23.3945686726312,3.69008653415257,3.28314241117471,-4.401993266766,3.98827949769543,-4.86127016163177,23.3868979440814,3.27359409593278
21.86,1.99082342570521,23.4664601364534,3.74245489858094,3.17898979346135,-4.95594068618485,3.91181056327839,-4.79252547863292,23.4662034220774,3.17666097441832
21.88,2,23.5442668685745,3.56931104307501,3.08490478372732,-5.13475866305294,3.66641022277179,-4.50204535783309,23.5421484612631,3.08345871892872
21.9,2,23.6092325781764,3.16585671915828,2.97359944693923,-3.88075234928709,3.35235861374309,-4.08874081788939,23.6124150708571,2.99738654368588
21.92,2,23.6709011373408,4.31899811933221,2.92967468975583,-2.82023997124908,3.06308689539835,-3.64468681388136,23.6764892154759,2.92004092501686
21.94,2,23.7819925029496,3.32551971098152,2.86078984808927,-2.8702533501571,2.82831660383172,-3.20230620280874,23.7353138712775,2.85157733176937
21.96,2,23.8039219257801,1.97389395781142,2.81486455574955,-3.62341048003347,2.65110728047481,-2.7690649928579,23.7900420477452,2.7918596261778
21.98,2,23.8609482612621,1.91249482110596,2.71585342888793,-4.02756160844305,2.52533106160736,-2.34436194736975,23.8417105977741,2.74075083552577
22,2,23.8804217186243,2.2274541499419,2.65376209141183,-1.33010651947638,2.44074295999166,-1.92483680294869,23.8913069408233,2.69806824877698
22.02,2,23.9500464272598,2.11042232671659,2.66264916810887,-0.0105715283030494,2.38894961411199,-1.5089941491834,23.9395709153368,2.66372476340453
22.04,2,23.964838611693,2.41659254253088,2.65333923027971,-0.621663100928183,2.36359651368274,-1.0972701893788,23.9870456427387,2.63767824400018
22.06,2,24.046710128961,3.18215773691302,2.63778264407175,-1.77466836185434,2.35828557427889,-0.690422589494225,24.0342247391725,2.61981835498924
22.08,2,24.0921249211695,1.73449086182798,2.58235249580553,-0.720319510365464,2.36835936401011,-0.290626908984681,24.0814654623125,2.61002410835003
22.1,2,24.1160897634341,0.371323496251286,2.60896986365713,0.549916656240845,2.38990602349258,0.0993667935158544,24.1290307731666,2.6081304949027
22.12,2,24.1069778610195,2.43054345780562,2.60434916205517,0.649593813748506,2.41908086860701,0.476950954589438,24.1771141716118,2.61391459978584
22.14,1.95674562762296,24.2133115017464,4.43758411786108,2.63495361620707,0.859114429769059,2.45126085020666,0.84036226731582,24.2258025842537,2.6271282238203
22.16,1.69648966154799,24.284481225734,3.29429704831474,2.63871373924593,0.568235328837263,2.41846227846849,1.24202141386359,24.2746352548265,2.64787448084338
22.18,1.02058101830197,24.3450833836789,1.76108993788224,2.65768302936056,1.35211898626585,2.15209901970253,1.82538122473543,24.3209215070422,2.67807299563313
22.2,-0.0551750034191753,24.3549248232493,0.442092937914129,2.69279849869656,3.15056709221779,1.46686326299137,2.75334278560838,24.3580548387805,2.72306700266149
22.22,-1.10494247675236,24.3627671011955,0.133591934515032,2.78370571304927,5.54326076476739,0.2627314288046,4.11668226636773,24.3761063033597,2.79113882520508
22.24,-1.73302174425171,24.3602685006299,-0.605558937252759,2.91452892928726,5.60466725546582,-1.2233190927939,5.69025900245815,24.3666175242303,2.88920491256876
22.26,-1.96329370282084,24.3385447437054,-2.58443705723757,3.0078924032679,6.50921098513344,-2.48494146975331,6.97131931063636,24.328639084296,3.01683405464758
22.28,-2,24.2568910183404,-2.65996252103005,3.1748973686926,7.71336440317143,-3.00947491117552,7.44131233384876,24.2722607277152,3.16252479041397
22.3,-2,24.2321462428642,-2.03563715706778,3.31642697939476,6.31515593818376,-2.8164075275251,7.11369899464568,24.2131775112559,3.30903602277201
22.32,-2,24.1754655320576,-3.24262254221868,3.42750360621995,5.74972310672768,-2.38286423433852,6.45925622913065,24.1611208209869,3.44497814008245
22.34,-2.00540679654713,24.1024413411755,-2.4018127142245,3.54641590366387,5.86892178848267,-1.99739244805574,5.76349856140637,24.1174913959873,3.56718042141461
22.36,-2.0379387923065,24.0793930234887,-2.06890952538759,3.66226047775925,5.50391584780517,-1.73320529319448,5.10079625883615,24.0803994719119,3.67575375260473
22.38,-2.12242737271225,24.0196849601599,-1.86720036138421,3.76657253757607,5.13061725187876,-1.59197791085369,4.47782484338548,24.0472775439241,3.77149810497734
22.4,-2.2568968754274,24.0047050090333,-0.665418591282929,3.8674851678344,4.06254303566609,-1.56494400567653,3.88901876012365,24.0158073663515,3.85514778641922
22.42,-2.38811780959405,23.9930682165086,-1.73375817897314,3.92907425900272,2.41521899563077,-1.63107388127186,3.32164743884063,23.9840474456576,3.92721033978756
22.44,-2.46662771803146,23.9353546818744,-1.57846093562428,3.96409392765963,2.12979260207751,-1.75214787366404,2.7550870966137,23.9503430908026,3.98796876321582
22.46,-2.4954117128526,23.9299297790837,-1.83778686675016,4.01426596308582,2.66500466782467,-1.89651241614075,2.17541403921486,23.9138739366051,4.03730129140948
22.48,-2.5,23.8618432072044,-2.71859298946957,4.07069411437262,1.86665772538226,-2.05053491659033,1.5824799872559,23.8744182001388,4.07489591686991
22.5,-2.5,23.8211860595049,-2.42354976216239,4.08893227210111,0.617599021147131,-2.20579423190931,0.979880056616744,23.8318563619471,4.10052966545471
22.52,-2.5,23.7649012167179,-2.36899230057785,4.09539807521851,0.891133633201657,-2.35926624378573,0.374024064974473,23.7864122380394,4.11393441701917
22.54,-2.46215242417009,23.7264263674818,-2.16523926754428,4.12457761742917,-0.225845976468952,-2.50147527686597,-0.230825327395812,23.7378591522104,4.11532706209116
22.56,-2.23442845385449,23.6782916460161,-1.69854597867189,4.08636423615975,-0.90206393459531,-2.59260815810946,-0.849817522397111,23.6865796207128,4.10471703871449
22.58,-1.64300839101423,23.6584845283349,-2.91907673951712,4.08849506004536,-1.3516111370913,-2.55681384234686,-1.5240852547451,23.6346386767403,4.08120332825206
22.6,-0.701721872008222,23.5615285764354,-3.12578856751884,4.0322997906761,-3.70311565405623,-2.28219758074188,-2.32075507325594,23.5857861718762,4.04297295166705
22.62,0.216824667158314,23.5334529856341,-1.2668730357233,3.94037043388311,-3.80423673409714,-1.68453025061041,-3.3025051798448,23.5456429041869,3.9870364547598
22.64,0.766394026220245,23.5108536550065,-1.24306986044598,3.88013032131221,-2.91598349922161,-0.834540946015671,-4.44826269325026,23.5201033736773,3.90975483536199
22.66,0.967881989968232,23.4837301912163,0.442522667393153,3.82373109391425,-5.63787987086868,0.177964566427155,-5.70396804255942,23.5133200315412,3.80838278669366
22.68,1,23.5285545617022,2.17232663598788,3.65461512647746,-7.71990217920631,1.27602895167481,-7.00093181125777,23.5277676850059,3.68134534450245
22.7,1,23.5706232566558,2.44103846996424,3.514935006746,-7.69714966245592,2.33579075602911,-8.20532509554686,23.5641479398843,3.52892064026584
22.72,1,23.6261961005008,2.72692922662863,3.34672913997923,-8.52000551882864,3.02756545521905,-8.97876856209881,23.6188531701361,3.35589744585614
22.74,1,23.679700425721,3.28135915182806,3.17413478599285,-8.27341821927301,2.87961822797506,-8.83717988622688,23.6794593297126,3.17605473248877
22.76,1,23.7574504665739,1.92155598099681,3.01579241120831,-7.79957553559251,2.06779931562763,-7.93425195153913,23.7294865591108,3.00761488132336
22.78,1,23.7565626649608,0.153006796763488,2.86215176456915,-6.89880012884679,1.25608174456343,-6.92317284797475,23.7623826527978,2.85920325950733
22.8,1,23.7635707384444,1.46208901087643,2.73984040605443,-6.80824184794846,0.685835266009464,-6.04897149034656,23.781412989655,2.72970669174401
22.82,1,23.8150462253959,0.492983870916142,2.58982209065121,-5.36422094340143,0.325462199830715,-5.28912173972236,23.7912208093829,2.61647809798976
22.84,1,23.7832900932811,-0.395922677242133,2.52527156831838,-3.8253277578795,0.109338071776467,-4.59002567902728,23.7953770423833,2.51775082154601
22.86,1,23.7992093183062,0.527723350164866,2.43680898033603,-4.37465305942052,-0.00808485204276924,-3.91794502609606,23.7962489161885,2.43270048872025
22.88,1,23.8043990272877,-0.263366136242027,2.35028544594156,-3.67225105130196,-0.0571373868822256,-3.25456052779065,23.7955030612004,2.36098003602271
22.9,1,23.7886746728565,-0.532853719293769,2.28991893828395,-2.19187686638678,-0.0582051286907506,-2.59129414313752,23.7942820914598,2.30251852706605
22.92,1,23.7830848785159,0.664158962195849,2.26261037128609,-1.4525291046951,-0.0266746272902278,-1.92478814854775,23.7933901669246,2.25735129191827
22.94,0.983779610358609,23.8152410313444,0.244066707811985,2.23181777409615,-1.49945828073476,0.0235449417325479,-1.2538480356233,23.7933414806418,2.22555567703455
22.96,0.886183623080497,23.7928475468284,-0.978054146507112,2.2026320400567,-0.768259749587952,0.0672381049455092,-0.571607233181297,23.7942914383267,2.2072712243795
22.98,0.63271788186324,23.7761188654841,0.0732325426463731,2.20108738411263,0.443653968789171,0.0614178153012906,0.138181964833956,23.7957090667331,2.20287050909032
23,0.229309373717809,23.7957768485343,0.204534816652924,2.22037819880826,0.922647771694496,-0.0473501031235342,0.898091961821609,23.7960498767688,2.21313857834108
23.02,-0.164353428782134,23.7843002581502,-0.352173667789835,2.23799329498041,1.21655413926259,-0.282589925624045,1.71599294329452,23.7929550254249,2.23918968035987
23.04,-0.399883154094391,23.7816899018227,0.00236505337642967,2.26904036437877,2.04228328955542,-0.618005443608187,2.57276532029303,23.78407875067,2.28203849089129
23.06,-0.486235138557814,23.7843948602852,-1.06641514965959,2.31968462656263,4.18351244952111,-1.01034334272947,3.43723430031029,23.7678692619973,2.34214066763476
23.08,-0.5,23.7390332958363,-1.66267542223375,2.43638086235961,5.13835574185502,-1.43312123571063,4.28465043769313,23.7435010297449,2.41937742262
23.1,-0.5,23.7178878433959,-1.37532062208363,2.52521885623683,4.74672951371838,-1.87241449700927,5.09387365733064,23.7104177218862,2.51328602481838
23.12,-0.5,23.6840204709529,-2.1947720595902,2.62625004290835,5.80912314224006,-2.29223782241518,5.82245159941189,23.6686954151012,2.62263343791513
23.14,-0.483779610358609,23.6300969610123,-3.32866542582968,2.75758378192643,6.26391871993314,-2.61508562500747,6.38911528311586,23.619335797895,2.74514339252467
23.16,-0.386183623080497,23.5508738539198,-3.36358676023343,2.87680679170567,6.00624861981319,-2.66119094163336,6.61563675377143,23.5659270773198,2.87594170660819
23.18,-0.13271788186324,23.4955534906029,-1.78318768454186,2.99783372671896,5.74314414720899,-2.2212436812115,6.29048191657643,23.5161938339839,3.00603314080357
23.2,0.270690626282191,23.4795463465381,-0.64968881164571,3.10653255759403,5.5214603515828,-1.29275496144042,5.40327481690053,23.4804295517671,3.12371691716643
23.22,0.664353428782134,23.4695659381371,-0.442364519652916,3.21869214078227,5.19128173903552,-0.200400932742957,4.27748155196956,23.4655488604281,3.22059202800673
23.24,0.899883154094391,23.461851765752,-0.124281647037261,3.31418382715545,3.34119514582512,0.73155822397343,3.24772862882921,23.4712843142128,3.29551536246576
23.26,0.986235138557814,23.4645946722556,2.09628419861456,3.35233994661528,1.35765775421316,1.38516005242167,2.44546527082361,23.4929037029974,3.35206858099255
23.28,1,23.5457031336965,2.77895435568727,3.36849013732398,1.7854394711223,1.80037965675194,1.84294084223874,23.5250849355615,3.39468175683521
23.3,1,23.5757528464831,1.81623055285351,3.42375752546017,1.70248602350068,2.0572474535789,1.37052888352947,23.5638654174372,3.42665170755715
23.32,1,23.6183523558107,2.19604987227191,3.43658957826401,1.24164565628092,2.22340303161785,0.969523773676584,23.6067915756064,3.44995898710072
23.34,0.962152424170088,23.663594841374,2.91456392946889,3.4734233517114,1.44311060832074,2.32916428939202,0.615950843533448,23.652410127194,3.46573854006304
23.36,0.734428453854493,23.7349349129894,2.04725808708934,3.49431400259683,-0.304939140013383,2.32498513986818,0.357607159646379,23.6992404515282,3.47522002737893
23.38,0.143008391014226,23.7454851648576,0.98889123013679,3.46122578611087,-0.36110029677473,2.0768112122658,0.314196680494785,23.7438245863207,3.48143657663458
23.4,-0.798278127991779,23.7744905621949,1.31692532237313,3.47986999072585,1.4327463741773,1.43702118391601,0.609867331897034,23.7796292988695,3.49011137166
23.42,-1.71682466715831,23.7981621777525,0.100729087255846,3.51853564107796,1.27566309319237,0.464982620004859,1.1769667843744,23.7989918041404,3.50772968516901
23.44,-2.26639402622024,23.7785197256851,-0.154073172664138,3.53089651445354,1.25933900594341,-0.543510145406589,1.73926000099419,23.7980179468641,3.5371262810609
23.46,-2.46788198996823,23.7919992508459,-0.252866711918553,3.5689092013157,2.70255180802096,-1.33413248257942,2.0698254307608,23.7787864622472,3.57568322651524
23.48,-2.5,23.7684050572084,-2.10896933824367,3.63899858677438,2.27565506374751,-1.85705575849201,2.13213477972915,23.7464638155017,3.61811019840061
23.5,-2.5,23.7076404773162,-2.91702028239813,3.6599354038656,1.21693552914578,-2.18418929119258,1.99684757974528,23.7058918698493,3.65960027934975
23.52,-2.5,23.6517242459125,-2.44767686479905,3.68767600794021,0.6665430319299,-2.400387579782,1.74479610370337,23.6598765745041,3.69718782146454
23.54,-2.47837281381148,23.6097334027242,-2.54928573505397,3.68659712514279,2.18140824191767,-2.55376356283529,1.42244430831923,23.6102069413272,3.72897943069194
23.56,-2.348244830774,23.5497528165103,-2.463591522858,3.77493233761692,1.52637049226413,-2.64531454459973,1.03672850271208,23.5580968998944,3.75368681797236
23.58,-2.01029050915099,23.5111897418099,-2.25464664055561,3.74765194483336,0.304715979946235,-2.63093135023092,0.559096590841556,23.5050888866883,3.76984472667013
23.6,-1.47241249829041,23.4595669508881,-2.50972818031947,3.78712097681477,1.11079969098239,-2.44559766745246,-0.0566657593589994,23.4540170754937,3.77512047491335
23.62,-0.947528761623821,23.4108006145971,-1.92437737459699,3.79208393247265,-1.48731411216655,-2.08870766904622,-0.80765520387835,23.4084790390636,3.7666289702631
23.64,-0.633489127874145,23.3825918559042,-2.28862324592294,3.7276284123281,-1.82450267050418,-1.62682092493638,-1.63689997593754,23.371179916383,3.74227649197132
23.66,-0.518353148589582,23.3192556847602,-1.27270863594324,3.71910382565249,-2.56748805998219,-1.15909729321124,-2.45850359279125,23.3433456050977,3.7012743482245
23.68,-0.5,23.3316835104665,-0.0230402961826748,3.62492888992882,-4.46435723598206,-0.740615710911719,-3.21403790216367,23.3244155419163,3.64443854119305
23.7,-0.5,23.3183340729129,-0.833267575908714,3.5405295362132,-3.58004107609882,-0.399138133456324,-3.86339674128641,23.3131849024429,3.57343744948646
23.72,-0.5,23.2983528074301,-0.522918719286825,3.48172724688486,-3.4061519779052,-0.159484346843644,-4.36759599082852,23.3078290062638,3.49081878507308
23.74,-0.5,23.2974173241414,0.493160292478478,3.404283457097,-4.15910703545619,-0.0518231597559753,-4.68225976340463,23.3059771862219,3.39995116661556
23.76,-0.5,23.3180792191293,0.464591936288006,3.31536296546662,-4.77305177595916,-0.108255159890319,-4.76451430260906,23.3046488876511,3.30509179662837
23.78,-0.5,23.3160010015929,-1.36744885730264,3.21336138605863,-4.31601392522295,-0.312570226189051,-4.62348395582457,23.3006373925486,3.2108861349724
23.8,-0.5,23.2633812648372,-1.09643789365652,3.1427224084577,-4.07151997730859,-0.597705611711116,-4.32561429159035,23.2916037479878,3.12120287131747
23.82,-0.5,23.2721434858467,0.174934835908047,3.05050058696629,-5.1590484763082,-0.886903649705064,-3.95289204568006,23.2767170632112,3.03834673931055
23.84,-0.5,23.2703786582735,-1.39101850786298,2.93636046940537,-3.65194074185966,-1.13661014228366,-3.55680692746975,23.2564044001939,2.96322984470083
23.86,-0.5,23.2165027455322,-1.32951698251764,2.9044229572919,-2.91596801461231,-1.33538389713445,-3.15695781147669,23.2315976976742,2.89609416782426
23.88,-0.5,23.2171979789728,-0.183860944832492,2.81972174882088,-3.81857270517343,-1.48863267159777,-2.75573726157892,23.2033044072964,2.83694986545483
23.9,-0.5,23.2091483077389,-2.32614160411506,2.75168004908496,-1.73264656596211,-1.60486238926955,-2.35181647974264,23.1723166780639,2.78586691135258
23.92,-0.5,23.1241523148082,-3.1539528601324,2.75041588618239,-0.910010054352306,-1.69274029211919,-1.94353265173696,23.1392810851511,2.74292229198571
23.94,-0.521627186188521,23.0829901933336,-0.999801990477689,2.71527964691087,-0.175430122473674,-1.76297105085748,-1.52744377665111,23.1047000219899,2.70819983155833
23.96,-0.651755169226004,23.0841602351891,-1.86009125403439,2.74339868128345,-1.14519429878589,-1.85536651228716,-1.07556910578428,23.0686251929534,2.68205646752759
23.98,-0.989709490849014,23.0085865431722,-2.41211798645304,2.66947187495943,-2.39706669460746,-2.04533125148046,-0.532748721014596,23.029871939559,2.66575288446773
24,-1.52758750170959,22.987675515731,-2.01482436225096,2.64751601349915,-0.200476623043411,-2.41557888776532,0.157658065213985,22.9855668646054,2.66176960658277
24.02,-2.05247123837618,22.9279935686822,-3.04172017703541,2.6614528100377,1.10125155642609,-2.97113198724433,0.982783617333602,22.931901188831,2.67305199018311
24.04,-2.36651087212585,22.8660067086495,-3.48746370758448,2.69156607575619,2.84088201864853,-3.62311530839741,1.85146622360628,22.8660728440657,2.70137352002127
24.06,-2.48164685141042,22.7884950203788,-4.44227737620215,2.77508809078364,3.14424234188784,-4.23159946550298,2.63190516758089,22.7872389652071,2.74656889577707
24.08,-2.5,22.6883156136015,-5.04850704340463,2.8173357694317,3.04052864265313,-4.71458172548614,3.24768017373399,22.6975219078357,2.8056861520031
24.1,-2.5,22.5865547386426,-4.36977529436016,2.89670923648976,3.26195421187936,-5.02619073773766,3.65723284351557,22.5999094827914,2.87498967174138
24.12,-2.5,22.513524601827,-4.65309983422619,2.94781393790688,2.92947966832156,-5.14838418424494,3.84597269671035,22.4978814415622,2.95034918414726
24.14,-2.5,22.4004307452735,-6.01302480656996,3.01388842322263,4.35472017955124,-5.09608354113971,3.8310141193917,22.3952128102919,3.02739443234446
24.16,-2.5,22.2730036095642,-4.387889673212,3.12200274508893,4.35693250903996,-4.91493129033212,3.65781100977411,22.2949035267062,3.10252906767819
24.18,-2.5,22.2249151583451,-4.53558823821698,3.18816572358423,3.45601495066991,-4.67679907204973,3.39512987904516,22.19898386911,3.1731214318263
24.2,-2.5,22.0915800800356,-6.15236292929762,3.26024334311572,2.24902278904665,-4.4311132892846,3.09069706763046,22.107886833802,3.23805194377539
24.22,-2.5,21.9788206411732,-3.30405141274932,3.27812663514609,2.28620676200293,-4.21226637749787,2.77748911954027,22.0215018938551,3.29674307272844
24.24,-2.5,21.9594180235256,-2.8549772196742,3.35169161359584,2.82684037653259,-4.03046464847946,2.46655441976264,21.9391383425127,3.34917614348701
24.26,-2.5,21.8646215523862,-4.12224613085774,3.39120025020739,1.61186720345603,-3.886060707107,2.16047126632583,21.860014009982,3.39545219086349
24.28,-2.5,21.7945281782913,-4.07005466323804,3.41616630173408,1.99521204351004,-3.77459309616331,1.85815669000439,21.7833412040878,3.43571982744165
24.3,-2.5,21.7018193658567,-4.60510816744613,3.4710087319478,2.48451087535492,-3.69439690995926,1.56082306472342,21.7086577777984,3.46993195022457
24.32,-2.5,21.6103238515934,-4.03805026042372,3.51554673674828,1.63830439465463,-3.64019521916635,1.2672902499012,21.6354544514453,3.49813099635472
24.34,-2.47837281381148,21.5402973554397,-2.5377435948374,3.53654090773398,0.573461040305412,-3.60241044861643,0.97353279512783,21.5631203989725,3.52049064130561
24.36,-2.348244830774,21.5088141077999,-3.03398787018807,3.5384851783605,0.103687069254599,-3.54642023889652,0.652639392188336,21.4915390202376,3.53685757031613
24.38,-2.01029050915099,21.4189378406322,-4.02674312380578,3.54068839050417,0.245716793049622,-3.37451027807378,0.220236778985495,21.4221626481884,3.54574772192028
24.4,-1.47241249829041,21.3477443828477,-2.81855988115121,3.54831385008248,0.309108653640133,-3.01978738875066,-0.380410572818248,21.3578251934236,3.54449798093866
24.42,-0.94752876162382,21.3061954453861,-2.73979001395874,3.55305273664977,-1.88829534571826,-2.4713133724165,-1.15589157974018,21.3025976264327,3.52941652020556
24.44,-0.633489127874146,21.2381527822894,-1.68808883023548,3.47278203625375,-2.59239974556484,-1.84254550593287,-1.99765127627873,21.2594609047898,3.49785911633734
24.46,-0.518353148589582,21.2386718921767,-1.07718045105472,3.44935674682718,-2.27434093757023,-1.2804368067609,-2.75888117476587,21.2284261269394,3.45006676416914
24.48,-0.5,21.1950655642472,-0.944147947095519,3.38180839875094,-2.91810883110326,-0.87551823151339,-3.33793571640062,21.2071589525267,3.3887504327175
24.5,-0.5,21.2009059742929,-0.381918286252336,3.33263239358305,-3.00432899289015,-0.659240356808653,-3.6880127968799,21.1921323325973,3.31809182932276
24.52,-0.5,21.1797888327971,-0.474660003176464,3.26163523903534,-3.81308715015628,-0.61433160826913,-3.8132179360566,21.1796553637062,3.24272411084544
24.54,-0.5,21.1819195741658,-0.952736584625313,3.1801089075768,-4.22757986790989,-0.700660777145931,-3.74714152415945,21.1666727654366,3.16685059026101
24.56,-0.5,21.1416793694121,-1.36438625579967,3.09253204431894,-4.00946037985977,-0.860263731385054,-3.54721052640267,21.1511449355469,3.09372749782048
24.58,-0.5,21.1273441239339,-0.542085871276576,3.0197304923824,-2.8684552624639,-1.0398131915186,-3.27031975806556,21.1321411775877,3.02546422340919
24.6,-0.5,21.119995934561,-0.902737538042953,2.97779383382038,-2.61845410086302,-1.20793677054225,-2.95352989285944,21.1096326627399,2.96317667224867
24.62,-0.5,21.0912346224121,-1.02599206743399,2.91499232834788,-3.07221670714963,-1.35159447305864,-2.61611691558364,21.0839951925259,2.90745245244831
24.64,-0.5,21.0789562518636,-0.976987044865929,2.8549051655344,-1.93643067236581,-1.46895033011881,-2.26624005618187,21.0557464915968,2.85861290657643
24.66,-0.5,21.0521551406175,-2.18524877318353,2.83753510145325,-0.803524606351658,-1.56355185191614,-1.90665421059954,21.025422794595,2.81683572754791
24.68,-0.5,20.9915463009363,-2.12318838270873,2.82276418128033,-2.11243531747446,-1.63834609398479,-1.54040202580284,20.9933842011754,2.78234640352337
24.7,-0.5,20.9672276053092,-1.31543786035273,2.75303768875427,-1.81310245584722,-1.69712311977671,-1.16973526978826,20.959968146231,2.75527512225836
24.72,-0.5,20.9389287865222,-2.24615660174701,2.75024008304644,-0.992527706610946,-1.74485731573914,-0.795831165171215,20.9255245538541,2.73562347766604
24.74,-0.5,20.8773813412393,-1.31082388804993,2.71333658048984,-1.42060056370675,-1.78378248533383,-0.422239815251352,20.8902271610186,2.72344353440734
24.76,-0.5,20.8864958310002,-1.16546318204049,2.69341606049817,0.273776497289457,-1.81558226747146,-0.0529853181833068,20.8542206586636,2.71870447150195
24.78,-0.5,20.8307628139577,-2.52259688139835,2.72428764038141,1.13527783043305,-1.84145488236634,0.307646757350549,20.8176386919074,2.72127229333692
24.8,-0.5,20.7855919557443,-2.69242131525562,2.7388271737155,0.807075586664063,-1.86130925977429,0.654417473165191,20.780580157148,2.73093785685174
24.82,-0.5,20.7230659613474,-1.97440920673291,2.75657066384798,1.09283094578881,-1.8744383825099,0.98158466914466,20.7431932536379,2.74734887140226
24.84,-0.5,20.7066155874749,-0.825649582980681,2.78254041154705,1.4016860282309,-1.87891283918422,1.28265119461268,20.7056563718264,2.77002919287292
24.86,-0.5,20.6900399780282,-1.86363936435656,2.81263810497721,1.32294755512996,-1.8711490275189,1.55006911370531,20.6681560641601,2.79839997419404
24.88,-0.5,20.6320700129007,-1.66534739536415,2.83545831375225,1.88700609249061,-1.84653959930441,1.77573898233501,20.6309325982694,2.83175042899387
24.9,-0.5,20.6234260822136,-1.08715241453741,2.88811834867684,2.34839675373686,-1.80187599200209,1.95317509216382,20.5944055251531,2.86913161501017
24.92,-0.5,20.5885839163192,-2.59620178917643,2.92939418390172,1.24097431404905,-1.7348110661366,2.07738574983962,20.5590171836944,2.90951082138742
24.94,-0.5,20.5195780106466,-2.89719894811276,2.9377573212388,1.60822007985714,-1.6441435102962,2.14519070948603,20.5252035286373,2.95181927495352
24.96,-0.5,20.4726959583947,-1.53629525516914,2.99372298709601,2.44797016843183,-1.53288279097323,2.15818488784309,20.4934299936493,2.99491992264579
24.98,-0.5,20.4581262004398,-0.732495034420744,3.03567612797607,2.21028906941497,-1.40538474379625,2.12021849527927,20.4640160828038,3.03778942992851
25,-0.5,20.4433961570179,-0.927315835810383,3.08213454987261,1.86136647540388,-1.27012493243475,2.03989246365751,20.4372310962362,3.07947300393312
25.02,-0.5,20.4210335670074,-1.59163798357245,3.11013078699223,2.0386856429203,-1.13596816434349,1.92699262327479,20.4131974791378,3.11917368558029
25.04,-0.5,20.379730637675,-0.380056973443121,3.16368197558942,2.33649828478327,-1.00717340474768,1.78768383960548,20.3917818609632,3.15635609610404
25.06,-0.5,20.4058312880697,-0.65430445015755,3.20359071838356,1.99159275477833,-0.888150617098695,1.62864004184662,20.3728255184905,3.19056517634394
25.08,-0.5,20.3535584596687,-1.70125390765268,3.24334568578055,0.878288271828731,-0.782410650748948,1.4559803985175,20.3561309166917,3.22144239714213
25.1,-0.5,20.3377811317636,-0.645573427754087,3.23872224925671,0.989790553408054,-0.690459924942051,1.27325900638682,20.3414151573534,3.24875886146793
25.12,-0.5,20.3277355225585,-0.796049164984858,3.28293730791687,1.15538803739877,-0.612742959235951,1.08408455105038,20.3284198479846,3.27232723713167
25.14,-0.489186406905739,20.3059391651642,-0.265655973920964,3.28493777075266,0.136049300311913,-0.545767090819087,0.88845321561256,20.3168540165953,3.29205929037049
25.16,-0.424122415386998,20.3171092836016,-0.420960223516609,3.28837927992935,0.435772780167365,-0.464552881488459,0.666142875816855,20.3066923498389,3.30767926956559
25.18,-0.255145254575493,20.2891007562235,-1.27944470183383,3.30236868195935,0.879106929504214,-0.322118833914332,0.376957125385179,20.2986729643959,3.31826594546813
25.2,0.0137937508547939,20.2659314955283,0.776973830718752,3.32354355710952,0.513330769138343,-0.0699180636391761,-0.0190950167572015,20.2945738150873,3.32201307599663
25.22,0.27623561918809,20.3201797094523,0.299698194648279,3.32290191272489,-0.110091016491898,0.276153049671719,-0.4991591447589,20.2965246977297,3.31691990759168
25.24,0.433255436062927,20.2779194233142,0.200833396023903,3.31913991644984,-0.70590829289241,0.622375705807836,-0.966067475958117,20.3055989503602,3.30215456361931
25.26,0.490823425705209,20.3282130452932,1.86960224386326,3.29466558100919,-1.19568150793803,0.880733583853438,-1.32896680247776,20.3208104306085,3.27899295726168
25.28,0.5,20.3527035130688,1.31790769712454,3.27131265613232,-2.09581891509051,1.02211911624932,-1.55502252384638,20.3400281154073,3.24992765748782
25.3,0.5,20.3809293531782,0.247735879671751,3.21083282440557,-2.13960239209496,1.066395078243,-1.660275653272,20.3610353690524,3.21760948497647
25.32,0.5,20.3626129482556,0.573526596349971,3.18572856044852,-1.40582540960476,1.04690335300484,-1.67562374174913,20.3822573265973,3.18411754584315
25.34,0.483779610358609,20.4038704170322,1.22613753939067,3.15459980802138,-1.53207698811706,0.987193784686967,-1.62391078117264,20.4026598592741,3.15101644002804
25.36,0.386183623080497,20.4116584498313,1.16351661128835,3.12444548092384,-1.87417593355755,0.867123737877229,-1.48730536250112,20.4213531794383,3.11971768721094
25.38,0.13271788186324,20.4504110814837,1.15266936749174,3.07963277067908,-1.05072504867995,0.62585107564104,-1.21077187660642,20.4365384077691,3.09245551130272
25.4,-0.270690626282191,20.4577652245309,-0.204716640722147,3.08241647897664,-0.525263977589174,0.19902660945939,-0.739244848610882,20.445115413387,3.07262077198252
25.42,-0.664353428782134,20.4422224158548,-0.13115448590213,3.05862221157551,-1.38906092780137,-0.369462793928266,-0.124958030344514,20.4435240822709,3.06386815033955
25.44,-0.899883154094391,20.4525190450948,-0.776118598456499,3.02685404186459,0.806757000778535,-0.9284375601938,0.475580779239779,20.4304103280243,3.06752067045837
25.46,-0.986235138557814,20.4111776719166,-1.5169475726319,3.09089249160665,2.13310137689626,-1.34357246308545,0.924333014125425,20.4074006210932,3.08182654382922
25.48,-1,20.3918411421896,-1.49301654786962,3.11217809694044,0.818179603590874,-1.58585847813901,1.18785220103342,20.3778624644367,3.10321864755928
25.5,-1,20.3514570100018,-1.27739595547096,3.12361967575029,1.36285255011779,-1.69147542686605,1.29853846985719,20.3449041409609,3.12829664534035
25.52,-1,20.3407453039707,-2.47085485059975,3.16669219894515,1.21975513138981,-1.71595865460276,1.30918479276868,20.310713662553,3.15452144078
25.54,-1.00540679654713,20.2526228159778,-2.70293509511594,3.17240988100588,1.56925390162469,-1.69727184071142,1.25689945549369,20.2765321392845,3.18026409627741
25.56,-1.0379387923065,20.2326279001661,-1.20443636362069,3.22946235501014,1.86421011109794,-1.67014884002855,1.17633767103643,20.2428760399221,3.20461168824424
25.58,-1.12242737271225,20.204445361433,-1.0044370204076,3.2469782854498,0.486462199836146,-1.67312081121426,1.10586039685901,20.2095219864196,3.22738848322834
25.6,-1.2568968754274,20.1924504193498,-1.53800748265827,3.24892084300358,0.270061292174095,-1.73632276988897,1.07529529199204,20.1755300658347,3.24913016534815
25.62,-1.38811780959405,20.1429250621267,-2.0141210577342,3.25778073713676,0.850701288141431,-1.85180480065129,1.07734132810735,20.1397053603382,3.27063155703418
25.64,-1.46662771803146,20.1118855770404,-1.88853714266726,3.28294889452924,1.76378119788148,-1.97122454864557,1.06614262522783,20.1014412623192,3.29212716935365
25.66,-1.4954117128526,20.06738357642,-2.85070241865943,3.32833198505202,0.56985973475604,-2.05346711796377,1.00340109309261,20.061120791712,3.31291821277721
25.68,-1.5,19.997857480294,-2.40086748436976,3.30574328391948,0.470153676994212,-2.09285653281275,0.885357061012975,20.0196017831625,3.33188201962223
25.7,-1.5,19.9713488770452,-1.71112078665825,3.34713813213179,1.09695807660242,-2.10316860729624,0.727407186602851,19.9776053345975,3.34806218380154
25.72,-1.5,19.9294126488277,-2.35077346585522,3.34962160698358,0.585956240023722,-2.10093285987016,0.547833266676605,19.9355503840411,3.36084143198593
25.74,-1.5,19.877317938411,-1.16224949370638,3.37057638173274,0.996104379628571,-2.09567660588122,0.358542303404529,19.8935836832601,3.3699146587425
25.76,-1.5,19.8829226690795,-1.7922980021682,3.38946578216872,0.273918328955836,-2.0923713592129,0.167249219907896,19.8517091983767,3.37517075480468
25.78,-1.5,19.8056260183242,-3.19713309617207,3.38153311489097,-0.201078338206473,-2.09359389986208,-0.0205837020776263,19.8098611084851,3.37662561439465
25.8,-1.5,19.7550373452326,-2.0258997551414,3.38142264864046,0.0745280670033988,-2.10037585578342,-0.20098671109281,19.7679267218449,3.37439843880651
25.82,-1.5,19.7245900281186,-1.97623436933467,3.38451423757111,-0.984488969259334,-2.11353353513164,-0.370379237752098,19.7258002491113,3.36866218776931
25.84,-1.5,19.6759879704592,-1.66513661503309,3.34204308987009,-1.55892798693928,-2.13296480815568,-0.526166619271391,19.6833454248507,3.35967234140832
25.86,-1.5,19.6579845635173,-1.91541551416661,3.32215711809353,0.116130017784377,-2.15860906902574,-0.665985917559542,19.6404388029986,3.34772332876782
25.88,-1.5,19.5993713498925,-3.42044646225075,3.34668829058146,-1.0513829221713,-2.19040983390595,-0.787768612165931,19.5969687088372,3.33314362025226
25.9,-1.5,19.5211667050272,-2.94726399502512,3.28010180120668,-1.62212898153586,-2.22749254951196,-0.890464912833331,19.5528017213228,3.31632560999881
25.92,-1.5,19.4814807900915,-1.43365310949166,3.28180313132003,0.0710363203744957,-2.26919133068003,-0.9732193385822,19.5078320558553,3.29766521662245
25.94,-1.5,19.4638205806476,-1.38457657858728,3.28294325402166,0.138797828759585,-2.31524594421414,-1.03521141522103,19.4619909396691,3.27754858980253
25.96,-1.5,19.426097726948,-2.07181117074899,3.28735504447041,-1.40688481377963,-2.36468710253852,-1.07662131239419,19.4152032368069,3.25638639517207
25.98,-1.5,19.3809481338176,-2.36134946641737,3.22666786147048,-1.49468743117935,-2.41611561692694,-1.0983804083314,19.3674007534465,3.23460149225328
26,-1.5,19.3316437482913,-2.24134432487437,3.22756754722324,-1.36671776250922,-2.46845376057177,-1.1014790390603,19.3185499046585,3.21258108058995
26.02,-1.5,19.2912943608226,-3.6504575710719,3.17199915097011,-1.60815886999573,-2.52092703534377,-1.08697637341991,19.2686505739853,3.19067427925876
26.04,-1.5,19.1856254454485,-2.57119076410595,3.16324119242341,-1.01707490243593,-2.5732073926024,-1.05577681229522,19.2177350363446,3.169188722061
26.06,-1.5,19.1884467302584,-1.23313515168713,3.13131615487267,-0.620081342333401,-2.62360384895512,-1.0102965269512,19.1657989660832,3.14846623993346
26.08,-1.5,19.136300039381,-3.22299535994999,3.13843793873007,-0.660877383374725,-2.6706876800189,-0.952897740389594,19.1128562213294,3.12881123272099
26.1,-1.5,19.0595269158604,-4.0314353039073,3.10488105953768,-1.25036682464966,-2.71416418663296,-0.885023005145006,19.0589670225248,3.11045453821525
26.12,-1.5,18.9750426272247,-3.46095475174231,3.08842326574409,-0.671140284125971,-2.75487269485877,-0.80719520328493,19.0042379524236,3.09355343215471
26.14,-1.47837281381148,18.9210887257907,-1.71388136024841,3.07803544817264,-0.899769252047167,-2.78833172380278,-0.725086683841059,18.94878486997,3.07823239261811
26.16,-1.348244830774,18.9064873728147,-2.593532573706,3.0524324956622,-0.439214969625412,-2.7630767876011,-0.68904983226859,18.893085745951,3.06425044526202
26.18,-1.01029050915099,18.8173474228425,-3.17111075246643,3.06046684938763,0.27025822863902,-2.58099618818789,-0.79167325830523,18.8392910091975,3.0497626539964
26.2,-0.472412498290412,18.7796429427161,-1.70930029752219,3.06324282480776,-1.37554908772189,-2.14853592262569,-1.11666203877898,18.7915968243221,3.03102564278925
26.22,0.0524712383761793,18.7489754109416,-0.998385291524428,3.00544488587875,-1.85784138710231,-1.51926330678782,-1.6021933562975,18.7547211915293,3.00396821958128
26.24,0.366510872125854,18.7397075310551,-1.75075079213469,2.98892916932367,-1.26483368151918,-0.907952589876837,-2.03286433466807,18.7306698620766,2.96733932140352
26.26,0.481646851410418,18.6789453792562,-0.981229941255979,2.95485153861798,-2.80803544409106,-0.479426155644797,-2.24707074748964,18.7171283277819,2.92415149393517
26.28,0.5,18.7004583334049,0.383435802570098,2.87660775156003,-3.3507430828432,-0.251597035806133,-2.23019056814594,18.7100992681464,2.87904753158743
26.3,0.5,18.694282811359,0.011216553953286,2.82082181530426,-2.32275408834021,-0.159212287202839,-2.0491576123361,18.706159945845,2.83603983844647
26.32,0.5,18.700906995563,0.544935536425672,2.78369758802642,-1.5370296431565,-0.131909097354603,-1.77590378913099,18.7033219258324,2.79767376481289
26.34,0.5,18.716080232816,-0.0201054401077094,2.759340629578,-1.52631871881903,-0.1323830392894,-1.45116620733898,18.7007055740795,2.76534045705183
26.36,0.5,18.7001027779587,-0.393118728792352,2.72264483927366,-0.936226931730044,-0.142393944323172,-1.09779841315783,18.6979644127706,2.73981658288376
26.38,0.5,18.7003554836643,0.974792844777905,2.72189155230879,0.243571975351231,-0.153568244967408,-0.729472682138149,18.6950034662744,2.7215269924242
26.4,0.5,18.7390944917498,-0.177187083801478,2.73238771828771,-0.0327582511506663,-0.162336022481296,-0.3554063606371,18.691837730799,2.71067583289545
26.42,0.5,18.6932680003123,-1.18460179617816,2.72058122226277,-0.368385679126859,-0.167426356390513,0.0173177699005339,18.6885342444187,2.70730194959968
26.44,0.5,18.6917104199027,-0.527545163056331,2.71765229112263,0.788857901180229,-0.168157089086532,0.382286724743142,18.6851693052166,2.71131727009439
26.46,0.5,18.67216619379,-0.207278459553972,2.75213553830998,0.0451767039004514,-0.163874308526378,0.733231728414868,18.6818378896186,2.72250268208119
26.48,0.5,18.6834192815205,-0.139847774383028,2.71945935927865,-0.203219289667023,-0.15334020425076,1.06354819964424,18.6786573394656,2.74050785522706
26.5,0.5,18.6665722828147,-0.829221214671794,2.7440067667233,1.50765250198266,-0.134266548636796,1.365988783085,18.6757594557965,2.76486124486789
26.52,0.5,18.6502504329336,0.132843081445699,2.77976545935796,2.15123455055561,-0.103931832324518,1.63313264001129,18.6733545517948,2.79491869575499
26.54,0.5,18.6718860060725,-0.0112978455104162,2.83005614874552,3.19239005176453,-0.0590235726461064,1.85747548997808,18.6717045658606,2.82989588743437
26.56,0.5,18.6497985191132,0.226522855886824,2.90746106142854,1.89331690976394,0.00397746295559905,2.03189278211147,18.6711198732839,2.86888034128284
26.58,0.5,18.680946920308,0.700606778881419,2.90578882513608,1.64008975172657,0.0867461834492576,2.15164764602261,18.6719952063549,2.91080740983197
26.6,0.5,18.6778227902685,-0.0655875128794392,2.9730646514976,1.85394241206054,0.188957307490588,2.2148666742948,18.6747233533231,2.95456504505327
26.62,0.5,18.6783234197928,0.223855313603938,2.9799465216185,2.19933435667315,0.307452574778894,2.22345732016783,18.6796664112603,2.99903413801423
26.64,0.5,18.6867770028126,0.573787826801553,3.06103802576453,2.81406904615839,0.436668539758034,2.18279671578764,18.6870925344232,3.04317457815611
26.66,0.5,18.7012749328649,1.23977280435605,3.09250928346484,1.56282837434571,0.56927485070262,2.10103175331102,18.6971611309353,3.08606753644941
26.68,0.5,18.7363679149869,0.48028371693869,3.12355116073835,2.59387255109061,0.69934688316913,1.98589887969235,18.7098540833802,3.12698740615886
26.7,0.5,18.7204862815424,0.376780838325708,3.19626418550846,2.62347854464426,0.821519527675409,1.84516036970485,18.7250718833678,3.16534087103725
26.72,0.5,18.7514391485199,1.30145276552787,3.22849030252412,-0.057859075160871,0.932937516683111,1.68459070018771,18.7426251609128,3.20067782715495
26.74,0.483779610358609,18.7725443921635,1.07059155259304,3.19394982250203,0.354079502464055,1.02870633060609,1.51214560831404,18.762296531448,3.23263433857045
26.76,0.386183623080497,18.7942628106236,1.10368033445081,3.24265348262269,2.26449702053514,1.07083698606288,1.36718827646349,18.7834043227908,3.26135741656581
26.78,0.13271788186324,18.8166916055416,0.400109032350571,3.28452970332343,1.01442897697153,0.98869044825429,1.31823638022513,18.804293293839,3.28797049151447
26.8,-0.270690626282191,18.8102671719177,-0.65470554278253,3.28323064170155,0.608545270689931,0.720980763311853,1.42155392253697,18.8216882957716,3.3151261880742
26.82,-0.664353428782134,18.7905033838303,1.2408916494862,3.30887151415103,2.51541719049152,0.305397448272044,1.63580990841144,18.8321150316206,3.34560071968573
26.84,-0.899883154094391,18.8599028378971,0.91058894601117,3.38384732932121,2.54475692246379,-0.109286723117553,1.81600319496147,18.83394975809,3.3802959388718
26.86,-0.986235138557814,18.8269269416707,-0.501685572337429,3.41066179104958,1.45332461692741,-0.407303668635006,1.85286882969377,18.8285546328369,3.41725376023475
26.88,-1,18.8398354150036,-0.457305670149122,3.44198031399831,2.02966928885288,-0.576413100848976,1.73846808890815,18.81854020178,3.45338140176107
26.9,-1,18.8086347148647,-1.83946634600511,3.49184856260369,1.95459324192052,-0.655821748608767,1.51441815935138,18.8061015375927,3.48605683220158
26.92,-1,18.7662567611634,-0.880094926230779,3.52016404367513,2.25797011886268,-0.691304043095178,1.22821034962291,18.7925850727217,3.51355685634021
26.94,-1,18.7734309178155,0.354816311241102,3.5821673673582,0.999386919357736,-0.707333882514878,0.907740309614466,18.7785773324212,3.53495860479532
26.96,-1,18.780449413613,-0.764252012528033,3.56013952044944,-1.04129907642082,-0.716463910902343,0.56988709824036,18.7643359049945,3.54975227134062
26.98,-1,18.7428608373144,-1.68786177498097,3.54051540430137,-0.0655031175858301,-0.724694038213956,0.225614369647846,18.7499231988389,3.55771264165465
27,-1,18.7129349426138,-0.0776014414238801,3.557519395746,0.736244629635741,-0.735165844143872,-0.116805548445264,18.7353355299162,3.5587874738553
27.02,-1,18.7397567796574,-0.264882701166158,3.5699651894868,-0.416646929784692,-0.749239265425583,-0.450691512947626,18.7204954865257,3.55309525197062
27.04,-1,18.7023396345672,-1.87109489671968,3.54085351855461,-1.60321420140019,-0.768363472675619,-0.769526456541638,18.7053288427119,3.54086234595092
27.06,-1,18.6649129837886,-0.722492520634788,3.50583662143079,-0.824227349220963,-0.794070572307218,-1.06689708546112,18.6897323644841,3.52244356884782
27.08,-1,18.6734399337418,0.0422199619207753,3.50788442458578,-1.0187780224325,-0.827589598428828,-1.33680128321652,18.673528733109,3.49835752519815
27.1,-1,18.6666017822655,-0.276950771846263,3.46508550053349,-1.31797519407193,-0.87115478748341,-1.57280299429533,18.6565437525279,3.46921332333182
27.12,-1,18.6623619028679,-1.16678043998508,3.4551654168229,-0.984587697166905,-0.927479044229818,-1.76851151610177,18.6385899810333,3.4357186579808
27.14,-0.994593203452869,18.6199305646661,-1.64440520460047,3.42570199264681,-1.7618972628388,-0.996642733899593,-1.92041543812798,18.6193593557191,3.39876445844721
27.16,-0.962061207693499,18.5965856946839,-1.0484062142849,3.38468952630935,-2.46002871839979,-1.06805560951207,-2.03583760227933,18.5986953462244,3.35915915568557
27.18,-0.877572627287747,18.5779943160947,-1.34182237814509,3.32730084391082,-3.42096839782787,-1.11459871364003,-2.13858832429264,18.5768058381894,3.31741303115605
27.2,-0.743103124572603,18.5429127995581,-0.765936835885572,3.24785079039623,-2.78799760266801,-1.10564281566352,-2.2564149715085,18.5544971595593,3.27350011651096
27.22,-0.611882190405955,18.5473568426593,-0.777214210200583,3.2157809398041,-1.05323866153161,-1.0479715032786,-2.38143143069167,18.5329138479492,3.22709968071988
27.24,-0.533372281968536,18.5118242311501,-0.981260313747701,3.20572124393497,-2.46801352376219,-0.991693715528201,-2.46376912106061,18.5125610382332,3.17853524374177
27.26,-0.504588287147395,18.5081064301094,-0.727512718486789,3.11706039885361,-3.43547938333232,-0.983590349674363,-2.45741063354411,18.4928981506658,3.12916591496486
27.28,-0.5,18.4827237224106,-1.18186644644744,3.06830206860168,-2.20167936577357,-1.02929210438659,-2.35787056511944,18.4728530568537,3.08086585821246
27.3,-0.5,18.4608317722515,-1.76600333218033,3.02899322422267,-1.39784143984806,-1.10787511129894,-2.18816310069123,18.4514920869647,3.03533303772856
27.32,-0.5,18.4120835891234,-1.13139519060406,3.01238841100775,-2.17922769561512,-1.19751503392075,-1.97337841662742,18.428464276324,2.99363986716994
27.34,-0.5,18.4155759646273,-0.662845270618284,2.94182411639807,-2.0333061536164,-1.28344862241833,-1.73205792588274,18.4036418571335,2.95655122824954
27.36,-0.5,18.3855697782987,-1.64754377069301,2.9310561648631,-1.73753100167335,-1.36071664873145,-1.47356323835443,18.3771852493468,2.92447092750293
27.38,-0.5,18.3496742137996,-2.04496660428051,2.87232287633113,-1.45731262068056,-1.42730510950159,-1.20437981548064,18.3492882662852,2.89767577727685
27.4,-0.5,18.3037711141274,-2.01334904817871,2.87276366003587,-0.492006122037936,-1.48323008408932,-0.929049466202232,18.3201670053046,2.87633240994456
27.42,-0.5,18.2691402518724,-1.04972416726241,2.85264263144962,-0.354171003274628,-1.52907919677427,-0.651516723973158,18.2900262373798,2.86052868015737
27.44,-0.5,18.2617821474369,-0.416305008718432,2.85859681990489,-0.230560011191394,-1.56576650431003,-0.375280938866978,18.2590584529492,2.85026985300048
27.46,-0.5,18.2524880515237,-1.46592555164347,2.84342023100196,-0.491360711307709,-1.5937765873192,-0.104129263285928,18.2274282724393,2.84550140585886
27.48,-0.5,18.2031451253712,-2.24224816221543,2.83894239145258,-0.000748977587183841,-1.61373029323874,0.158228967491852,18.1953265599401,2.84606869003264
27.5,-0.5,18.1627981250351,-1.86067104621355,2.84339027189847,0.879794245030696,-1.62562618457188,0.407794359011775,18.162930517566,2.85174587060152
27.52,-0.5,18.1287182835227,-1.8197504290602,2.87413416125381,0.67977675341081,-1.6286836545705,0.640173780244838,18.1303956751032,2.86224251405004
27.54,-0.472966017264348,18.0900081078727,-1.72008841002347,2.87058134203491,0.58523323884524,-1.61648829624192,0.846053995712983,18.0979053458654,2.87716455188332
27.56,-0.310306038467495,18.0599147471217,-0.888376848175287,2.89754349080762,1.24214241401632,-1.53279044228156,0.970498883003625,18.0662013691036,2.89555253080941
27.58,0.112136863561267,18.0544730339456,-0.88967313569368,2.92026703859556,1.10618572611778,-1.25707175324063,0.900783617302409,18.0378558109103,2.9147096214862
27.6,0.784484377136985,18.024327821694,-1.22618181066168,2.94179091985233,-0.351761692505748,-0.660653771839046,0.52013153304354,18.0181296938212,2.92944324040694
27.62,1.44058904797022,18.0054257615192,0.822067572521412,2.90619657089533,-0.190456837366026,0.203667042383713,-0.114083283889154,18.0132833011504,2.93375794728517
27.64,1.83313859015732,18.0572105245948,1.19477625517543,2.93417264635769,-0.0174939650873784,1.08234887919654,-0.753972670012155,18.0263411366099,2.92487054440356
27.66,1.97705856426302,18.0532168117262,-0.226685743246158,2.90549681229183,-0.911222661560118,1.74924069137969,-1.18026321974548,18.0550884386189,2.90509463134234
27.68,2,18.048143094865,2.36030747669744,2.89772373989528,-1.69106218483815,2.16029533555915,-1.34921205494134,18.0945608665973,2.87941543248188
27.7,2,18.1476291107941,3.70528747882926,2.83785432489831,-2.55135533277568,2.38337485115195,-1.32489374327266,18.1402238187195,2.85243355343784
27.72,2,18.1963545940182,2.93809609547635,2.79566952658426,0.0183730843795527,2.50102659296482,-1.18611835705921,18.1892153498244,2.82716326970379
27.74,2,18.2651529546131,2.50184155612869,2.83858924827349,-0.344178869047029,2.56472211925988,-0.983045260187399,18.2399356666463,2.80539229189284
27.76,2,18.2964282562633,1.36130224931099,2.78190237182238,-1.01817428040194,2.60240024315193,-0.744745454613513,18.2916315767731,2.7880752004973
27.78,2,18.3196050445856,2.00011106838671,2.79786227705741,0.423432677579039,2.62905935595145,-0.48857284519925,18.3439546851856,2.77572397791286
27.8,2,18.3764326989988,2.15300274634744,2.79883967892554,-1.05691680675474,2.65265676365548,-0.225626841410322,18.3967795690368,2.76857268863402
27.82,2,18.4057251544395,3.52199052303082,2.75558560478722,-1.07425540893282,2.67767582021348,0.0361797295315861,18.450071373332,2.76669069232546
27.84,2,18.51731231992,2.72032294922946,2.75586946256822,0.97708853027364,2.70579226264429,0.291338614845139,18.5039036963034,2.7699780993683
27.86,2,18.5145380724087,3.21978226021011,2.79466914599817,0.458106918657486,2.73835053430747,0.534881926875736,18.5583394013826,2.77826182908463
27.88,2,18.6461036103284,3.75111095330523,2.77419373931452,0.528281128375474,2.7760120135782,0.762606175883453,18.6134673908613,2.79127211642775
27.9,2,18.6645825105409,1.94200033194969,2.81580039113319,1.52440292105512,2.81879298544628,0.97106858852465,18.6694098958348,2.80864080361497
27.92,2,18.7237836236064,3.16527705369598,2.83516985615673,1.42620232436657,2.86715630252238,1.15683706440541,18.7262633872586,2.82995766412163
27.94,2,18.7911935926887,2.25518521221071,2.87284848410785,0.580409755729083,2.92173496622884,1.316717414214,18.7841146785967,2.85476575438914
27.96,2,18.8139910320948,3.04772449197861,2.85838624638589,1.09083675216296,2.98138791172789,1.44946390463971,18.8431211192403,2.88248862024499
27.98,2,18.9131025723679,4.06855677307822,2.91648195419437,2.44128383161182,3.04527677678602,1.55412874023654,18.9034015285546,2.91255146263218
28,2,18.976733303018,1.69391535724372,2.95603759965036,1.56357163914886,3.11348009573376,1.62954978501118,18.965007399442,2.94441431662699
28.02,2,18.9808591866576,3.43987540956787,2.97902481976032,1.12450988756324,3.18544676775439,1.6756826085378,19.0279837956018,2.9775255394228
28.04,2,19.1143283194007,4.53630696690004,3.00101799515289,2.46118043357839,3.25855472984685,1.6948987260548,19.0924135959042,3.01128554490781
28.06,2,19.1623114653336,3.42133311705499,3.07747203710346,1.7398210186352,3.33094596450755,1.6893683391753,19.1583160451732,3.04516026779062
28.08,2,19.2511816440829,3.78349199503205,3.0706108358983,0.853464687367789,3.40144933463518,1.66105105283958,19.2256571632218,3.07868578574402
28.1,2,19.3136511451349,3.3089001239186,3.11161062459817,1.84884901634843,3.46943819727352,1.61176294480275,19.2943604458373,3.1114582185707
28.12,2,19.3835376490396,2.72247364845573,3.14456479655224,1.65175982926249,3.53329125370748,1.54444201281268,19.3643810442114,3.14306298676762
28.14,2,19.4225500910731,3.96915772590445,3.17768101776867,1.34169733239806,3.59191340739647,1.4617162025702,19.4356542135787,3.17313579553382
28.16,2,19.5423039580758,4.01749393087405,3.19823268984816,1.22338227334794,3.6460906168703,1.36453729412257,19.5080531737749,3.20140915623259
28.18,2,19.5832498483081,2.90858407283201,3.22661630870259,1.47640427514616,3.69627179685085,1.2542653365964,19.5814691626391,3.22763244954957
28.2,2,19.6586473209891,4.24027135446936,3.25728886085401,0.508963056264677,3.74154093326229,1.1336390252596,19.6558515557562,3.25153106957426
28.22,2,19.7528607024869,4.1900785085903,3.24697483095317,1.09382896031854,3.78218102126436,1.00428531323788,19.7311122145001,3.27290693931964
28.24,2,19.8262504613327,3.48073929654396,3.30104201926675,1.01124963010113,3.81936022303331,0.867003074303421,19.8071359859041,3.29162911355715
28.26,2,19.8920902743486,3.78642601455246,3.28742481615722,0.3579647246165,3.85287960332225,0.723931471751988,19.8838622465165,3.30754962037917
28.28,2,19.9777075019148,3.83485396118726,3.31536060825141,0.707925908789808,3.88270406418777,0.577066395100002,19.9612247515345,3.32056356244572
28.3,2,20.0454844327961,3.28960577558561,3.31574185250881,0.725258089760938,3.90897899882738,0.428192785488044,20.0391499134842,3.33061449776505
28.32,2,20.1092917329382,3.48268412292825,3.34437093184185,1.04959767428223,3.93173823477433,0.279162312597808,20.1175670268147,3.33768290574593
28.34,2,20.1847917977132,4.22761515076884,3.3577257594801,0.688049410675595,3.950861357755,0.131948296080062,20.19640357234,3.34178548002583
28.36,2,20.278396338969,4.52393045221955,3.37189290826887,-0.111571534964083,3.96628914649494,-0.0116107249894206,20.2755774716951,3.34298479457632
28.38,2,20.365749015802,3.67746256422707,3.35326289808154,-0.511624403061772,3.97749461478551,-0.14933831858174,20.3550193401412,3.34136680848792
28.4,2,20.425494841538,4.21034059636334,3.3514279321464,-0.31919260657719,3.98399838856769,-0.279205005527768,20.4346488391432,3.33706029050702
28.42,2,20.5341626396566,4.02004046594175,3.34049519381845,-0.571755279175867,3.98579586505869,-0.399736582110206,20.5143561092261,3.33025295750715
28.44,2,20.5862964601757,2.95854223817917,3.32855772097937,-0.584342569547824,3.98253787506717,-0.50927817082468,20.5940411596755,3.32115001983678
28.46,2,20.6525043291837,3.89919320443699,3.31712149103654,-0.384247079640332,3.97360908806886,-0.606073945404421,20.6736119349699,3.3099739386552
28.48,2,20.7422641883532,4.75882870095079,3.31318783779375,-0.764688101196609,3.95903830050323,-0.689116149117172,20.752949710782,3.29699574933199
28.5,2,20.8428574772217,4.47492428671135,3.28653396698867,-1.56422389916613,3.93895610037617,-0.757643492745808,20.8319378612692,3.28250481750164
28.52,2,20.9212611598216,3.58994991818928,3.25061888182711,-0.221536453065663,3.91356581835517,-0.811129773089761,20.9104696165964,3.26679441291025
28.54,2,20.9864554739493,3.64131213082803,3.27767250886605,-0.498414786744061,3.88335789058427,-0.849481616756947,20.9884412489603,3.25016724108956
28.56,2,21.0669136450548,3.98015681098611,3.23068229035734,-1.06946215193384,3.84893575450552,-0.872864273097563,21.0657637334168,3.23292495804331
28.58,2,21.1456617463888,3.37542174695002,3.23489402278869,-0.950667168978026,3.8108571208762,-0.881561439486298,21.1423715433482,3.21535336246293
28.6,2,21.2019305149328,3.91936229095196,3.19265560359822,-0.90680064109937,3.77044030446087,-0.876728914948091,21.2181940499131,3.19774321297138
28.62,2,21.3024362380268,3.91900189369361,3.19862199714472,-0.721754052383328,3.72901646141362,-0.859685098675088,21.2931819735534,3.1803654912343
28.64,2,21.3586905906805,3.46961243358015,3.16378544150289,-1.44447573612808,3.68703674783796,-0.831081649939178,21.3673390040399,3.16344278170459
28.66,2,21.44122073537,4.07370704119092,3.14084296769959,-0.701470919102343,3.64537961263522,-0.79210607690206,21.4406699029496,3.147188229544
28.68,2,21.5216388723282,3.37675386971465,3.1357266047388,-0.775487708385769,3.60538998702669,-0.744507576418494,21.5131775452003,3.1318059138861
28.7,2,21.5762908901586,3.35435060964437,3.10982345936416,-1.25960847397345,3.56765667933621,-0.689457831717183,21.5849038286713,3.11745474337808
28.72,2,21.6558128967139,3.63853445173481,3.08534226577986,-0.388322296691956,3.532667685446,-0.628142940426154,21.6559021990013,3.1042693609901
28.74,1.98377961035861,21.721832268228,3.39955548988877,3.09429056749648,0.251524254672164,3.49732744180673,-0.558410091304758,21.7262169191522,3.09237731070231
28.76,1.8861836230805,21.7917951163095,4.21086914904159,3.09540323596675,-0.208465872750518,3.42462292022658,-0.445758091138476,21.7955587366698,3.0822076819527
28.78,1.63271788186324,21.8902670341897,3.44429096594663,3.08595193258646,-0.83457554026638,3.23924828810055,-0.219833860159694,21.8624486718708,3.07530332880005
28.8,1.22930937371781,21.9295667549473,1.64800925764537,3.06202021435609,0.198859628782733,2.86748459659589,0.186302894474647,21.9238445378409,3.07465562596958
28.82,0.835646571217865,21.9561874044955,2.95371464957626,3.09390631773777,0.190626843141928,2.344820596267,0.732015366380978,21.9760986308673,3.08372845608125
28.84,0.600116845905609,22.0477153409304,2.73795933554597,3.06964528808177,1.25166348549943,1.82436851918669,1.26099884128157,22.0176640053271,3.1038132625765
28.86,0.513764861442186,22.0657057779173,0.96988017558246,3.14397285715775,2.58925197685707,1.44663464943023,1.62919626174921,22.0500940897328,3.13303060236566
28.88,0.5,22.0865105479537,0.369254295640786,3.17321536715605,1.92567722363767,1.24311663741862,1.80036272149085,22.0767142597544,3.16764447013881
28.9,0.5,22.080475949743,0.217678425297763,3.22099994610326,2.22421140252685,1.17116995534377,1.81363675860939,22.1007262447353,3.20396358945078
28.92,0.5,22.0952176849656,1.84657930376488,3.26218382325712,1.29846002698241,1.17444405961172,1.72437258126739,22.1240558524297,3.23951232664468
28.94,0.5,22.1543391218936,2.03238251379698,3.27293834718255,1.31582282168614,1.21191244817348,1.5745195082191,22.1478835186218,3.27257934193049
28.96,0.5,22.1765129855175,1.03282352298999,3.31481673612457,1.8666583019026,1.26345051872433,1.38679532853048,22.1726267214282,3.30224021421017
28.98,0.5,22.1956520628132,1.2048716404669,3.34760467925866,1.23963430881996,1.31736866632458,1.17609346617953,22.1984374975919,3.32789802635801
29,0.5,22.2247078511362,0.954909191351749,3.36440210847737,0.389826944993943,1.36786970184256,0.951783842729172,22.2252959257632,3.34919579881382
29.02,0.5,22.2338484304672,1.27696800425863,3.36319775705842,0.198240785106274,1.41208972007903,0.720443134341491,22.2531111656217,3.36592219481738
29.04,0.5,22.2757865713065,2.3635972702805,3.37233173988162,0.931052480508887,1.44925703022605,0.486669040014748,22.2817330254109,3.37799693922539
29.06,0.5,22.3283923212785,1.19293279258823,3.40043985627877,0.175548996834196,1.47867288040756,0.25485261474473,22.3110283625602,3.38540305918834
29.08,0.5,22.32350388301,0.555179962942898,3.37935369975499,-0.451636671626665,1.50022332453548,0.0287618840404553,22.3408427521712,3.38821648911773
29.1,0.5,22.3505995197962,2.12606621983573,3.3823743894137,0.0130557471493264,1.51414894322732,-0.188250446711896,22.3709977452326,3.38660515312572
29.12,0.5,22.4085465318035,1.53435901486008,3.37987592964096,-0.642683351074902,1.51999698284108,-0.392448079187491,22.4013394569805,3.38078483681493
29.14,0.510813593094261,22.4119738803906,1.83781863017893,3.35666705537071,-0.651729642171583,1.51883691907554,-0.581753583762018,22.4317516587268,3.37100326619495
29.16,0.575877584613002,22.4820592770106,2.40325500733327,3.3538067439541,-0.675672218885692,1.53395568525512,-0.774872887542647,22.4622182008261,3.35747201659645
29.18,0.744854745424507,22.5081040806839,0.802058402404349,3.32964016661528,-0.338039943142776,1.6127204952739,-1.01260483622867,22.4935078493199,3.33973603480757
29.2,1.01379375085479,22.5141416131068,1.93271039006042,3.34028514622839,-0.572332495757044,1.8060562861131,-1.33816526278963,22.5275773274574,3.31630539137124
29.22,1.27623561918809,22.5854124962863,2.50130433961511,3.306746866785,-2.63404000007554,2.09902711141536,-1.73123505655221,22.5665465586122,3.2856386048973
29.24,1.43325543606293,22.6141937866914,2.34725700278577,3.23492354622536,-2.66857543370086,2.39686554563531,-2.09602670418157,22.6114992284046,3.24730795225597
29.26,1.49082342570521,22.6793027763978,2.91414242416295,3.20000384943696,-1.35569083959497,2.58954690608616,-2.32370864793325,22.6615556282601,3.20286201546433
29.28,1.5,22.7307594836579,2.01315149516095,3.18069591264157,-1.573278085651,2.65193779243932,-2.38903555344487,22.7141952453609,3.15545883851871
29.3,1.5,22.7598288362042,1.17609885344256,3.13707272601092,-2.69874085815764,2.61748175916503,-2.32462905570371,22.7669794002472,3.10817421658069
29.32,1.5,22.7778034377956,2.73896636247137,3.07274627831526,-3.08109934185313,2.53083180943511,-2.17548188170071,22.818543543474,3.06304112901901
29.34,1.5,22.8693874907031,3.2016176851088,3.0138287523368,-2.18692240520751,2.42758845590968,-1.97812631410515,22.8681339496416,3.02144734148132
29.36,1.5,22.9058681452,2.63884320562644,2.98526938210696,-1.69342325573713,2.32559107729644,-1.75279462358755,22.9156593923702,2.98409883386296
29.38,1.5,22.9749412189281,1.92466450320241,2.94609182210731,-2.18102348886311,2.23474266238484,-1.5123096395685,22.9612402092745,2.95142897619916
29.4,1.5,22.9828547253281,2.01891239440712,2.89802844255243,-0.885995473827972,2.1586665521276,-1.2638084648512,23.0051485144989,2.9236584767406
29.42,1.5,23.0556977147044,2.5510060348144,2.9106520031542,-0.500596700761435,2.09817040790478,-1.01192176203878,23.0476925296726,2.90089796905546
29.44,1.5,23.0848949667206,1.78273155228812,2.87800457452198,-0.628986498580753,2.05245250383718,-0.759833863328976,23.0891831706054,2.88317471350757
29.46,1.5,23.1270069767959,1.50093110667937,2.88549254321097,0.071832144181827,2.02046820909382,-0.510571866958764,23.1298980807665,2.87047032263386
29.48,1.5,23.1449322109878,1.75229846434011,2.88087786028925,-0.891186791490228,2.00114483225531,-0.267099078087816,23.170086403856,2.86271307586013
29.5,1.5,23.1970989153695,2.70792797357853,2.84984507155136,-1.04444564045283,1.99274245539253,-0.0316940539864736,23.2099999834565,2.8597487504424
29.52,1.5,23.253249329931,2.51637654802463,2.83910003467114,0.551453292618209,1.99421299965523,0.192862188924118,23.2498454122238,2.86138855326778
29.54,1.49459320345287,23.2977539772905,1.71316126838006,2.87190320325608,0.981391815287591,2.003788360842,0.404599615992804,23.2898254073321,2.86737488781969
29.56,1.4620612076935,23.3217757806662,1.6294150602465,2.87835570728264,1.15798982232386,2.0103210530607,0.610541454867994,23.3299869997593,2.87752405652042
29.58,1.37757262728775,23.3629305797004,2.1381698064201,2.91822279614904,0.6079099675671,1.98881707553587,0.830853814314228,23.3700374524764,2.89190440740478
29.6,1.2431031245726,23.407302572923,2.27556934222957,2.90267210598532,-0.501535245462847,1.91397248889251,1.08604265083577,23.4091714532062,2.91100272799034
29.62,1.11188219040596,23.4539533533896,0.903749950945976,2.89816138633052,2.02460208101723,1.7911818973208,1.36771419432175,23.4462697917355,2.93553027672876
29.64,1.03337228196854,23.4434525709608,1.3202498219516,2.98365618922601,1.81430312193831,1.66576583768777,1.62892975057003,23.4808053486036,2.96557110654639
29.66,1.0045882871474,23.5067633462676,2.68131528554862,2.97073351120806,1.01528794680265,1.5852721228693,1.82017388173286,23.513224279456,3.00019887299914
29.68,1,23.5507051823827,1.86601802447282,3.02426770709812,3.00478024288852,1.5664713328649,1.92181292027893,23.544639918394,3.03776877942101
29.7,1,23.5814040672465,2.23623465937903,3.0909247209236,2.10932117412567,1.59754762894641,1.94322840589014,23.5762440569864,3.07650961507993
29.72,1,23.6401545687579,1.94562864278973,3.10864055406315,1.25689211732978,1.65946487809543,1.90264599322753,23.6087917592515,3.11504355703925
29.74,1.00540679654713,23.6592292129581,0.666290332248565,3.14120040561679,2.73014301777135,1.73991747955488,1.81319536821177,23.6427147305187,3.15231828374822
29.76,1.0379387923065,23.6668061820478,2.44969479618646,3.217846274774,1.45564948520073,1.83684404205892,1.6790919047882,23.6784557318662,3.18731283459425
29.78,1.12242737271225,23.7572170048056,2.08290785706557,3.19942638502482,0.603266038965744,1.97079182994451,1.48403440448091,23.7164379064873,3.21907278607767
29.8,1.2568968754274,23.7501224963305,1.73564665279402,3.24197691633263,2.13424199508948,2.15867415901169,1.21662331963962,23.757681713401,3.24615899975876
29.82,1.38811780959404,23.8266428709173,2.4040844234074,3.2847960648284,1.13868798654622,2.38762582275157,0.895503473087284,23.803113571103,3.26732891500511
29.84,1.46662771803146,23.8462858732668,2.06790231581984,3.28752443579448,-0.186901043394128,2.60954876269568,0.572775497027598,23.8531006114082,3.28200484475751
29.86,1.4954117128526,23.9093589635501,2.22738378184841,3.27732002309263,-0.0257047330617932,2.77985926572504,0.295750783561743,23.9070839740373,3.29060775459799
29.88,1.5,23.9353812245407,2.12411173831031,3.28649624647201,-0.254411180766811,2.89193864858494,0.0738771413036401,23.9639026118929,3.29420680876726
29.9,1.5,23.9943234330825,4.13765051470349,3.26714357586196,-0.469843706675466,2.95839908895708,-0.102665378790488,24.0224642568753,3.29385870768202
29.92,1.5,24.1008872451288,3.39756448692761,3.26770249820499,0.249169275525385,2.99520611751742,-0.247304989022312,24.0820355770987,3.29031802714393
29.94,1.46215242417009,24.1302260125596,2.96227913671139,3.27711034688298,-0.123382284966267,3.00352661300466,-0.359638259041464,24.1421064139915,3.28415958199307
29.96,1.23442845385449,24.2193784105973,3.34071533679223,3.26276720680634,0.582782384337344,2.90590983061139,-0.365653628237634,24.2014895931498,3.27662366363529
29.98,0.643008391014226,24.2638546260313,2.34669605657247,3.30042164225647,0.0648889879676595,2.53121890067627,-0.10599569616022,24.2565024525998,3.27129920306467
30,-0.298278127991778,24.3132462528602,1.68821707730737,3.26536276632504,-0.146465637627868,1.71480721601166,0.565651922009622,24.2997267345264,3.27519584234865
30.02,-1.21682466715831,24.3313833091236,-0.635562397682232,3.29456301675135,1.32507103894196,0.555160804042593,1.53778438930697,24.3227143235843,3.29601575002845
30.04,-1.76639402622025,24.2878237569529,-0.457325654780849,3.31836560788272,1.65495067550492,-0.568031375694919,2.43133417458911,24.3222029699756,3.33615528662846
30.06,-1.96788198996823,24.3130902829324,-0.816060475073588,3.36076104377155,4.12076939240048,-1.34849911477597,2.94846768109627,24.3023742432386,3.39066692086441
30.08,-2,24.25518133795,-2.09697858821913,3.48319638357874,3.70373463949009,-1.76457409040657,3.07220696502791,24.2707481696576,3.45142192104505
30.1,-2,24.2292111394036,-1.39203181032377,3.50891042935115,2.27858768773006,-1.94470051481122,2.93070730221912,24.2333573864747,3.51179468680893
30.12,-2,24.199500065537,-1.91776635682928,3.57433989108794,2.63008169367998,-2.01601134818672,2.64810855006764,24.1936516702819,3.56773842661155
30.14,-1.97296601726435,24.1525004851305,-1.80316911758744,3.61411369709835,2.44830416398116,-2.04135346840176,2.28859986856901,24.1530099873304,3.617219005401
30.16,-1.81030603846749,24.1273733008335,-2.352006791196,3.67227205764719,1.88916217985561,-2.01295187970536,1.85332281432409,24.1123450554369,3.65878637866912
30.18,-1.38786313643873,24.0584202134826,-1.38950237124851,3.68968018429258,0.746165827860967,-1.86678265051737,1.29717074003909,24.073264214061,3.69055602529035
30.2,-0.715515622863015,24.0717932059836,-0.959265717683877,3.70211869076163,0.182959035907582,-1.52066763616771,0.561900272916458,24.0390400742061,3.70945223921248
30.22,-0.0594109520297759,24.0200495847753,-3.0942430467336,3.69699854572888,-0.468632906193434,-0.970664479504304,-0.345020205358097,24.0138527117942,3.71184353388516
30.24,0.333138590157318,23.9480234841142,-0.458124720700681,3.68337337451389,-0.645769201982638,-0.315142245986509,-1.33298393927673,24.0009238660906,3.69510291189161
30.26,0.477058564263023,24.0017245959472,0.947077662681561,3.67116777764958,-1.9302749429725,0.324135979156119,-2.2894771612891,24.0011157630894,3.65875100780627
30.28,0.5,23.9859065906215,0.62368263044954,3.60616237679499,-3.18548856654803,0.881890357702183,-3.14417298846313,24.0133121666033,3.60422925072736
30.3,0.5,24.0266719011652,1.09762604764594,3.54374823498765,-3.96121087550435,1.32433124895055,-3.85169462283968,24.0355921574103,3.53398954471854
30.32,0.5,24.0298116325273,1.94951183532037,3.44771394177482,-5.09645434478677,1.63099056881372,-4.37713139633786,24.0654053204809,3.45134375623349
30.34,0.489186406905739,24.104652374578,2.29313319033766,3.33989006119618,-4.43897182312237,1.74943961486202,-4.6587221787999,24.099544554755,3.36055217198882
30.36,0.424122415386998,24.1215369601408,1.60806442367569,3.27015506884992,-4.9684780748803,1.63813623394192,-4.64855503147457,24.1338511881656,3.2669520605032
30.38,0.255145254575493,24.1689749515251,1.81398462111293,3.14115093820097,-4.1627605103458,1.28415711766518,-4.33100214887967,24.1634526293271,3.1766704897512
30.4,-0.0137937508547939,24.1940963449854,-0.304309023522809,3.10364464843609,-2.3938216626459,0.733929366099951,-3.75596019418905,24.1838821487969,3.09545601396015
30.42,-0.27623561918809,24.1568025905841,0.34009440490399,3.04539807169514,-2.93500045547893,0.110836913712423,-3.05418802324003,24.1923303138669,3.02727175815267
30.44,-0.433255436062927,24.2077001211815,0.41250429294255,2.98624463021693,-2.63830990428879,-0.443222408471617,-2.37591842483754,24.1888042740317,2.97310410405841
30.46,-0.490823425705209,24.1733027623019,-1.18183783253905,2.93986567552358,-2.73101631513238,-0.85348281431894,-1.80387971561866,24.1755926672598,2.93149553003541
30.48,-0.5,24.16042660788,-1.3170475357148,2.87700397761164,-1.38832656279443,-1.12815433719278,-1.33805148819446,24.1556277637869,2.90018699313123
30.5,-0.5,24.1206208608733,-1.34903112827995,2.88433261301181,-0.387540213010407,-1.3014580880899,-0.951700109068228,24.1311415283295,2.87744414593139
30.52,-0.5,24.1064653627488,-0.933703299021005,2.86150236909122,-0.694351453937569,-1.41742881817976,-0.608661460382699,24.1038804315138,2.86189488608207
30.54,-0.5,24.0832727289124,-2.19760706117391,2.8565585548543,-0.183470665171004,-1.49528219845579,-0.295544950837363,24.0746965265125,2.85290000246017
30.56,-0.5,24.0185610803018,-2.29598299659024,2.85416354248438,0.441149227645654,-1.54784177767157,-0.00483738342193113,24.0442345993941,2.84992659065905
30.58,-0.5,23.9914334090488,0.214567639192165,2.87420452396013,-0.128394592027237,-1.58146599054572,0.265190632280007,24.0129098552631,2.85256790453969
30.6,-0.5,24.0271437858695,-0.589687615781997,2.84902775880329,0.1019817222912,-1.6000764391156,0.514240309799973,23.9810707080711,2.86039925911726
30.62,-0.5,23.9678459044175,-2.60699028610167,2.87828379285178,1.29550154381872,-1.6051919827474,0.740057517453519,23.9489960153202,2.87298333164412
30.64,-0.5,23.9228641744254,-1.92745212417176,2.90084782055604,1.48044693174277,-1.5972669211787,0.939724958453146,23.9169482423611,2.8898289327248
30.66,-0.5,23.8907478194507,-0.846968919122659,2.93750167012149,0.897243827270711,-1.57601899654313,1.11002737532278,23.885178674719,2.91039537867226
30.68,-0.5,23.8889854176605,-1.25050613275173,2.93673757364687,0.557922779927533,-1.54157627019497,1.24846307850965,23.8539742098304,2.93404159468013
30.7,-0.5,23.8407275741406,-2.13401487956659,2.95981858131859,1.07762356462732,-1.49432033818289,1.35328189235454,23.8236050080491,2.96010294181069
30.72,-0.5,23.8036248224779,-1.74693778150177,2.97984251623196,1.16570900632876,-1.43468315849002,1.42334268222608,23.794306185878,2.98791558081936
30.74,-0.5,23.7708500628805,-2.29205601838558,3.00644694157174,1.948982747245,-1.36437825921991,1.45922258197705,23.7663131157496,3.01678733971148
30.76,-0.5,23.7119425817424,-0.487466478701304,3.05780182612176,1.76824699617489,-1.28573272598061,1.46262576561288,23.7398076036759,3.04605157111214
30.78,-0.5,23.7513514037325,-0.410219316080696,3.07717682141874,1.46689738504601,-1.20152081298964,1.43623335971857,23.7149137586428,3.07509801842836
30.8,-0.5,23.6955338090992,-2.10470101637696,3.1164777215236,1.09830042569357,-1.11597673120001,1.38459483080772,23.6917379089376,3.10334674797235
30.82,-0.5,23.6671633630774,-1.15273412378434,3.12110883844648,1.25334652954552,-1.03173913366335,1.31122936693081,23.6702739043318,3.13033194278499
30.84,-0.5,23.6494244441478,-0.773777122704367,3.16661158270542,2.26568556935139,-0.95073414096463,1.21937113545485,23.6504520550106,3.15566845407174
30.86,-0.5,23.6362122781692,-0.40326525392258,3.21173626122053,0.587711427394744,-0.875235963590565,1.1128401342628,23.6321949851593,3.17901786838635
30.88,-0.5,23.6332938339909,-1.29489251922781,3.19012003980121,0.0822327955860014,-0.807400954926977,0.995607351898346,23.6153950239561,3.20010737405224
30.9,-0.5,23.5844165774001,-1.00815049415299,3.21502557304397,0.85717716555811,-0.746952905933915,0.869510269299053,23.5998699036152,3.21876651452179
30.92,-0.5,23.5929678142248,-0.982835977454766,3.22440712642354,0.342040768921537,-0.692575101301655,0.73551510960971,23.5854721154596,3.23483840891671
30.94,-0.483779610358609,23.5451031383019,-0.538004587873875,3.22870720380084,0.903235066033414,-0.642304790535721,0.594105265839274,23.5721189291388,3.2481545975131
30.96,-0.386183623080497,23.5714476307098,-0.68869450042035,3.26053652906487,1.53263008811252,-0.563048664550537,0.41628123929028,23.5599694821125,3.25836218265707
30.98,-0.13271788186324,23.5175553582851,-0.72999982362516,3.29001240732534,-0.0593070286601383,-0.377267494581271,0.131866907212719,23.5503022655872,3.26409946447038
31,0.270690626282191,23.5422476377648,1.30142014820125,3.25816424791847,-1.01049108838169,-0.0128009892089775,-0.321716673382674,23.546087266565,3.26249171376286
31.02,0.664353428782134,23.5696121642131,1.39071102743431,3.24959276379007,-0.674803218883713,0.501301782756123,-0.907381658038215,23.5508278542724,3.25031175277593
31.04,0.899883154094391,23.5978760788622,1.20779173962644,3.23117211916312,-1.64864777720752,1.01501886819255,-1.47123444155856,23.5661263164209,3.22635213141776
31.06,0.986235138557814,23.6179238337982,1.02570181969659,3.18364685270177,-1.48060987248279,1.38658300741315,-1.86904925569914,23.5904345986348,3.19261393574744
31.08,1,23.6389041516501,0.442900215003394,3.17194772426381,-1.72214852981644,1.57717563281373,-2.05886831425858,23.6203449633279,3.15301328260388
31.1,1,23.6356398423983,0.229223561425496,3.11476091150911,-3.01619556852287,1.62673960729824,-2.07794608312383,23.6525448614751,3.11143149513642
31.12,1,23.6480730941071,2.05850819428681,3.05129990152289,-1.53109573722446,1.59492191766576,-1.98480983589971,23.6848883679978,3.07062861408964
31.14,1,23.7179801701698,2.75298016999743,3.05351708202013,-1.16977368939806,1.52696126740029,-1.8251655483373,23.7161439711775,3.03244309166549
31.16,1,23.758192300907,1.24189398860066,3.00450895394697,-1.64315950001079,1.44720394115664,-1.62555983466637,23.7458890182625,2.99788741313681
31.18,1,23.7676559297138,0.809701459019774,2.9877907020197,-1.40004505844966,1.36957719820037,-1.40286798446722,23.7740467293827,2.96757403699548
31.2,1,23.7905803592678,1.30787189272876,2.94850715160899,-2.19033849045968,1.30088148106746,-1.16737339613364,23.8007363926718,2.9418537763024
31.22,1,23.819970805423,1.74642860136895,2.90017716240131,-1.75699801854532,1.24393839519316,-0.925691584088854,23.8261628640109,2.92091767058264
31.24,1,23.8604375033225,0.9312190188834,2.87822723086717,-0.605379591410704,1.19919228992187,-0.682294920897727,23.8505756407401,2.90483714518163
31.26,1,23.8572195661783,1.41087025830329,2.87596197874489,-0.222541051831848,1.16635677038011,-0.440915967572464,23.8742122178212,2.89361094552931
31.28,1,23.9168723136547,1.38713189727273,2.8693255887939,0.477146489884117,1.14466586287778,-0.204825059373798,23.8973044522043,2.88716495023128
31.3,1,23.9127048420692,0.729999391931813,2.89504783834025,0.514788316224624,1.13335824272342,0.022803735859857,23.9200681142717,2.88536151382829
31.32,1,23.9460722893319,1.06163921365683,2.88991712144288,-0.388335090938052,1.13177450664114,0.238867266859486,23.9426936753483,2.88800945172966
31.34,0.967559220717218,23.9551704106155,1.02261810718289,2.87951443470273,0.28872151774092,1.13501407438097,0.444381740925674,23.9653960441657,2.89482269691077
31.36,0.772367246160994,23.9869770136193,0.97086850535355,2.90146598215252,0.768193571379228,1.07108625178764,0.703104880591474,23.9876477881733,2.90613810537657
31.38,0.265435763726479,23.9940051508297,1.11968560381381,2.9102421775579,1.83294694144286,0.798315340740711,1.14339056114721,24.0068587166507,2.92414672171372
31.4,-0.541381252564382,24.0317644377718,0.182896224706042,2.97478385981023,2.27382058755331,0.156424807183678,1.90885307632591,24.0170525301755,2.95410513652673
31.42,-1.32870685756427,24.0013209998179,-0.706565176803853,3.00119500106003,2.34151786673217,-0.827012564822709,2.96044278725849,24.0107562825444,3.00248808531333
31.44,-1.79976630818878,24.0035018306997,-1.90883633680752,3.06844457447952,3.52280342010803,-1.83881631852061,3.98211015624014,23.9837725975149,3.07233409746102
31.46,-1.97247027711563,23.9249675463456,-3.10347009585712,3.14210713786435,4.27950808310726,-2.52138780363052,4.61616771796226,23.9394690092228,3.1591193785459
31.48,-2,23.8793630268654,-1.94670322977286,3.23962489780381,5.48944806277564,-2.76121948936033,4.75002026913793,23.8860003464805,3.2535216802869
31.5,-2,23.8470994171547,-2.1479576449936,3.36168506037538,4.79781005526151,-2.70211520682357,4.527166112134,23.8310410164007,3.34671641522223
31.52,-2,23.7934447210656,-3.47239809228448,3.43153730001427,3.78878734398445,-2.53931115647082,4.14148193248013,23.7785474022754,3.43357792825328
31.54,-2,23.7082034934633,-2.26655075269866,3.51323655413475,3.53986066514722,-2.37303481554203,3.69432915580292,23.7294626160324,3.51199206584058
31.56,-2,23.7027826909577,-2.04116244146118,3.57313172662016,2.98638313142392,-2.23963557433553,3.2258930152254,23.6833988517492,3.58121629855243
31.58,-2,23.6265569958049,-1.90575012681515,3.63269187939171,2.74765848822595,-2.14680454580295,2.74964515558832,23.6395927751651,3.64098590491714
31.6,-2,23.6265526858851,-2.01189171866281,3.6830380661492,1.97139950484493,-2.09153809140564,2.26961967145734,23.5972654284936,3.69118434171215
31.62,-2,23.5460813270583,-2.67571587450188,3.71154785958551,2.16678454891087,-2.06791815361582,1.78768161465575,23.5557278370256,3.73175257732287
31.64,-2,23.519524050905,-1.86352917853885,3.76970944810563,1.73945181194519,-2.06871187994861,1.30493822151794,23.5143809286768,3.76269076220203
31.66,-2,23.4715401599168,-1.92325059045189,3.78112593206332,0.998922274416147,-2.08803109744794,0.823668881450983,23.4728254202828,3.78398315402636
31.68,-2,23.4425940272869,-1.66497454104428,3.80966633908228,0.866454837544017,-2.12067937146716,0.346754321972375,23.430766744936,3.79566973831772
31.7,-2,23.404941178275,-1.19541125991107,3.81578412556508,-0.238318395097092,-2.16192142317885,-0.122592083926915,23.387970385144,3.79788134492542
31.72,-2,23.3947775768905,-2.94171742087954,3.8001336032784,-0.760568084941948,-2.20777170333963,-0.580719474190878,23.3442768825203,3.79083008507643
31.74,-2,23.2872724814398,-3.98843954967711,3.7853614021674,-1.72620379129842,-2.25606905351011,-1.02285812667825,23.2996408013028,3.77477038388724
31.76,-2,23.2352399949034,-2.60834825206784,3.73108545162646,-1.37183609121517,-2.30586668967577,-1.44336073989642,23.2540300265577,3.75006504472364
31.78,-2,23.1829385513571,-1.71468188350117,3.73048795851879,-1.64173725095165,-2.35745773897778,-1.83594873694053,23.207402633947,3.71721291862499
31.8,-2,23.1666527195634,-1.14191066269047,3.66541596158839,-1.84882979248532,-2.41238875434191,-2.19371248514587,23.1597073866453,3.67684884320706
31.82,-2,23.1372621248495,-3.41059090844835,3.65653476681938,-2.3391842873497,-2.47401694724458,-2.50850898742485,23.1108751764685,3.62973073660908
31.84,-2,23.0302290832254,-2.22240573044994,3.57184859009441,-3.65589353553143,-2.54678962105625,-2.77126079145901,23.0606997083215,3.5768304939045
31.86,-2,23.0483658956315,-2.05950988341614,3.51029902539812,-2.17893648653347,-2.63493095367909,-2.97376263672446,23.0088942268959,3.51929007397181
31.88,-2,22.9478486878888,-3.01144950290384,3.48469113063307,-3.20674047120268,-2.74278003333257,-3.10862288200179,22.9551439699064,3.4583546349262
31.9,-2,22.9279079155153,-2.74432229711463,3.38202940655001,-4.14414087765749,-2.87069258298683,-3.17330533076793,22.8990390815986,3.39541515350922
31.92,-2,22.8380757960042,-3.78517831011802,3.31892549552677,-3.31318985015432,-3.01412954058749,-3.17161950177997,22.8402053628659,3.33187007086267
31.94,-2,22.7765007831106,-3.05347143312718,3.24950181254384,-2.8696955503098,-3.16483285283167,-3.11288010312986,22.778423615147,3.2689399629231
31.96,-2,22.7159369386791,-2.89750114630136,3.20413767351437,-1.66997644492419,-3.3119830921229,-3.01062684715725,22.7136511965635,3.20763254867768
31.98,-2,22.6606007372586,-2.67883525872969,3.18270275474687,-2.78671752755943,-3.44728976965744,-2.87683015449835,22.6460517009632,3.14869439491672
32,-2,22.6087835283299,-3.58810159724143,3.092668972412,-3.24563095604898,-3.56553430811293,-2.72071823860079,22.5758840104871,3.09269739661088
32.02,-2,22.5170766733689,-4.18695001461602,3.05287751650491,-2.67285895839332,-3.66699990676069,-2.54604212440436,22.5035209219477,3.04001323693001
32.04,-2,22.4413055277453,-3.11404685803485,2.98575461407626,-2.3791155947394,-3.75476602318078,-2.35358889897822,22.4293516124915,2.99091985311613
32.06,-2,22.3925147990475,-4.6870529132252,2.95771289271534,-2.45042875326544,-3.82793293563278,-2.14768265119139,22.353515543277,2.94587260200325
32.08,-2,22.2538234112163,-5.83779257102561,2.88773746394565,-2.57474642422616,-3.88923199171397,-1.92906798030118,22.2762512660376,2.90515873691963
32.1,-2,22.1590030962065,-4.02715926235473,2.85472303574629,-1.00370497532176,-3.94483483993115,-1.69514249380821,22.1978859586928,2.86890819587443
32.12,-2,22.0927370407221,-2.75896369881039,2.84758926493278,-1.09997917434761,-3.99394549233271,-1.44989394712848,22.1184914470197,2.83743770060949
32.14,-2.00540679654713,22.0486445482541,-4.30388701148283,2.81072386877239,-2.23358564449084,-4.03950710858767,-1.19393794600897,22.0381593289501,2.81097740457685
32.16,-2.0379387923065,21.9205815602628,-3.76433033148356,2.75824583915314,-0.757881572915287,-4.09197172787755,-0.921369730347628,21.9568719336457,2.78978544191415
32.18,-2.12242737271225,21.8980713349947,-3.05008646848615,2.78040860585578,-0.648488411418491,-4.17294809469325,-0.617401933040699,21.8742793977559,2.77434261685674
32.2,-2.2568968754274,21.7985781015233,-4.60268614259531,2.7323063026964,-0.590956309488289,-4.30413178440019,-0.268931027664608,21.7895805110277,2.7654216016746
32.22,-2.38811780959404,21.7139638892909,-4.65316933996833,2.75677035347624,1.55775378351156,-4.48034215981494,0.112413317149453,21.7018144959275,2.76380403754282
32.24,-2.46662771803146,21.6124513279246,-4.79137953548161,2.79461645403687,0.57684083140479,-4.668184398705,0.490518902009773,21.6102967261429,2.7698903977955
32.26,-2.49541171285261,21.5223087078717,-4.17643846077507,2.77984398673244,0.311801974051917,-4.83073680797496,0.829043164352883,21.515260393111,2.78315651931078
32.28,-2.5,21.4453937894936,-5.3583611443047,2.80708853299894,1.25973866984413,-4.95108929549877,1.11134114320056,21.4173768552928,2.80264923247598
32.3,-2.5,21.3079742620995,-5.79523453527786,2.8302335335262,1.37022432057352,-5.02891737120083,1.33675982866893,21.3175152786476,2.82721636440803
32.32,-2.5,21.2135844080825,-4.97953185123796,2.86189750582188,0.584558131775592,-5.07010871808528,1.51055070768242,21.2164576234546,2.85578187814459
32.34,-2.5,21.10879298805,-4.39567601028417,2.85361585879723,1.20400007666958,-5.08033584159316,1.63796744310944,21.1149254237047,2.88732201950205
32.36,-2.5,21.0377573676711,-5.08590227208439,2.91005750888867,1.97950461289125,-5.06188832896845,1.72118449684755,21.0134588713452,2.92098386399414
32.38,-2.5,20.9053568971666,-5.40693343468499,2.93279604331288,2.01766446593368,-5.019264085926,1.76449337457771,20.9125900989986,2.9559229603047
32.4,-2.5,20.8214800302837,-4.89763665080183,2.99076408752601,2.45467900041859,-4.95885540587438,1.77397737421458,20.8128176833759,2.99132834872523
32.42,-2.5,20.7094514311345,-5.04136402920317,3.03098320332962,1.67612862986168,-4.88330477950803,1.75218788720612,20.7143828372297,3.02663079800812
32.44,-2.5,20.6198254691156,-4.86917349870168,3.05780923272048,2.09879174341898,-4.79793361740373,1.70423089076362,20.6175182784616,3.06127167885002
32.46,-2.5,20.5146844911864,-4.245679788015,3.11493487306638,1.05396388212402,-4.71026051400437,1.63732837070481,20.5224426920744,3.09470959432308
32.48,-2.5,20.449998277595,-4.23791938275624,3.09996778800544,0.794706048428562,-4.62250357332036,1.55385849801998,20.4291220456165,3.12664215364004
32.5,-2.5,20.3451677158762,-5.2839104523196,3.14672311500352,2.81416773374343,-4.53769992105895,1.45712092088721,20.3375134816962,3.15678376267651
32.52,-2.5,20.2386418595022,-4.97987915123099,3.21253449735518,1.25694746903431,-4.4599045255837,1.35149760837514,20.2475979192073,3.18483899651641
32.54,-2.49459320345287,20.145972549827,-4.14367114674414,3.19700101376489,-0.31533384267558,-4.38733567505972,1.23613695653555,20.1591528670161,3.21071407190286
32.56,-2.4620612076935,20.0728950136324,-3.75220930556415,3.19992114364816,1.21799958082334,-4.30777003603335,1.10042288699917,20.0721224908173,3.23417559799434
32.58,-2.37757262728775,19.9958841776044,-3.986479353207,3.24572099699783,2.0902118302497,-4.20032823307149,0.925476253709735,19.9869622988017,3.25453080754844
32.6,-2.2431031245726,19.9134358395041,-3.99801364338463,3.28352961685814,0.423524308449652,-4.04184381161038,0.690901586511079,19.9045085942062,3.27074561227536
32.62,-2.11188219040595,19.835963631869,-4.63918980644067,3.26266196933581,-0.295816413492334,-3.83924337101257,0.405976557413587,19.8256099136117,3.28180535584124
32.64,-2.03337228196854,19.7278682472465,-3.99605047832399,3.27169696031845,0.453349527020186,-3.64434755140162,0.12282345829534,19.7508104605069,3.28706330453186
32.66,-2.0045882871474,19.676121612736,-3.26578054014091,3.28079595041662,0.158220901114436,-3.49861244432502,-0.115305034528574,19.6794727098128,3.28705091471714
32.68,-2,19.5972370256409,-3.78712259810117,3.27802579636303,-0.397134274333355,-3.41039559936013,-0.296892397226819,19.6104733299471,3.28283702091928
32.7,-2,19.524636708812,-3.50477756417842,3.26491057944329,-0.154974677005137,-3.3669246665303,-0.431209296381301,19.5427586985236,3.27549042060802
32.72,-2,19.4570459230737,-2.36890229384006,3.27182680928282,-0.219488484224151,-3.35209520894293,-0.531477244488762,19.4756062463158,3.26581501252095
32.74,-2.00540679654713,19.4298806170584,-3.61453417863542,3.25613104007432,-0.652526868373815,-3.35637646165474,-0.60527150397148,19.4085545389694,3.25440137784436
32.76,-2.0379387923065,19.3124645559283,-4.15329285449406,3.24572573454787,-0.581510332350477,-3.38499614302872,-0.646560149533439,19.3411892347675,3.24182042242439
32.78,-2.12242737271225,19.2637489028786,-2.48141076049988,3.2328706267803,-0.544757443763189,-3.4602569036468,-0.633524157108515,19.2728372089613,3.22890746757392
32.8,-2.2568968754274,19.2132081255083,-3.52174092629802,3.22393543679734,-1.05446720243371,-3.60301391383638,-0.546562371852784,19.2023156698668,3.2169850078024
32.82,-2.38811780959404,19.1228792658267,-4.22874345518931,3.19069193868295,-0.857904340485538,-3.8003352542868,-0.399619629550648,19.1283279801184,3.20746811898695
32.84,-2.46662771803146,19.0440583873008,-4.37700305159909,3.18961926317792,-0.0998300399660978,-4.0001373812856,-0.244979915424058,19.0502958668184,3.20104256799168
32.86,-2.4954117128526,18.9477991437627,-3.89106997501312,3.18669873708431,-0.0965985339950515,-4.15384510419547,-0.131435653438197,18.9686643086456,3.19736266182914
32.88,-2.5,18.8884155883002,-3.89490061692479,3.18575532181812,-0.262557145562548,-4.25268071125144,-0.0688664023300898,18.8845129985474,3.19544018296687
32.9,-2.5,18.7920031190858,-4.20780764290658,3.17619645126181,-0.129150355139707,-4.3099891461087,-0.0451754726586775,18.7988331476228,3.19434942992913
32.92,-2.5,18.720103282584,-4.17487625891573,3.18058930761253,0.930855225231531,-4.34320708872816,-0.0438634635780308,18.7122715172601,3.19348630718509
32.94,-2.48377961035861,18.6250080687291,-4.70635282681879,3.21343066027107,0.205990458384642,-4.35942134608547,-0.0581144265938374,18.6252053965002,3.19250339261761
32.96,-2.3861836230805,18.5318491695112,-4.63747517843958,3.18882892594792,-1.08318472175017,-4.32690239156587,-0.11812319104952,18.538212325069,3.19086347033735
32.98,-2.13271788186324,18.4395090615915,-4.33322978945165,3.17010327140106,-0.109502182973009,-4.17332644662577,-0.292301481931535,18.4529355453316,3.1870178627761
33,-1.72930937371781,18.3585199779332,-2.6459579595052,3.184448838629,-0.773788036635836,-3.82559388144615,-0.647937226081749,18.3726055933791,3.17793051479032
33.02,-1.33564657121787,18.3336707432113,-2.91747613982984,3.13915174993563,-1.50461901446364,-3.32031500219604,-1.14376712432976,18.3009958341232,3.16013261675201
33.04,-1.10011684590561,18.24182093234,-4.14675543181335,3.12426407805045,-1.80846763944819,-2.81604476607275,-1.61851346694883,18.2397802449784,3.13232561212372
33.06,-1.01376486144219,18.1678005259388,-2.19703010936945,3.0668130443577,-0.791069277980205,-2.45496337641096,-1.92702824837447,18.187363539111,3.09653566283124
33.08,-1,18.1539397279652,-2.76212229622219,3.09262130693124,-0.844149859048515,-2.26380263185423,-2.03915700653209,18.1404127172492,3.05658913837129
33.1,-1,18.0573156340899,-2.76217012872619,3.03304704999576,-2.30778436682469,-2.19907992913464,-1.99667599100416,18.095958552639,3.0160101287118
33.12,-1,18.0434529228161,-1.57050940785313,3.00030993225825,-2.37495685721556,-2.19982054788762,-1.86065590195546,18.0520355797613,2.97732478787744
33.14,-1.00540679654713,17.9944952577758,-2.34418660471762,2.93804877570714,-2.06905899992943,-2.23292838955842,-1.66648803130325,18.0077509758096,2.94197050903715
33.16,-1.0379387923065,17.9496854586274,-1.83645940278812,2.91754757226108,-0.841965833595915,-2.28959997733273,-1.42696395566366,17.9625653681437,2.91096414735174
33.18,-1.12242737271225,17.9210368816643,-1.74321565318447,2.9043701423633,-1.24263598247847,-2.38236627908599,-1.13570718236595,17.9159313861111,2.88523245159007
33.2,-1.2568968754274,17.8799568325001,-2.79180911520083,2.86784213296194,-0.730800251927977,-2.52715323214145,-0.78457998861891,17.8669031675488,2.86595391390119
33.22,-1.38811780959404,17.8093645170562,-2.68388536745796,2.87513813228618,0.242393055853618,-2.71610748929844,-0.388523204424732,17.8145358069829,2.85416233034598
33.24,-1.46662771803146,17.7726014178017,-2.86472440415011,2.87753785519608,-0.45685941119572,-2.90719388017332,0.00664081796422461,17.7582637709668,2.85038995565263
33.26,-1.4954117128526,17.6947755408902,-3.0733556978519,2.85686375583835,-0.800507113935101,-3.06324786047545,0.361547996426769,17.6984885139844,2.85415341770179
33.28,-1.5,17.6496671898877,-3.00055650520843,2.84551757063868,1.065241599544,-3.1706023796003,0.660097579088649,17.6360725513279,2.86446236137655
33.3,-1.5,17.5747532806819,-4.44041372905257,2.89947341982011,2.11663653374823,-3.23442070864658,0.904533685443143,17.5719798924938,2.88017302350466
33.32,-1.5,17.4720506407256,-2.97428224708476,2.93018303198861,0.59942883574402,-3.26354886249066,1.10089647846858,17.5069381191964,2.90031283072138
33.34,-1.5,17.4557819907985,-2.40571874634297,2.92345057324987,0.994972569892927,-3.26559969083224,1.25443983308388,17.4415989239523,2.9239414566061
33.36,-1.5,17.3758218908718,-3.44122261563298,2.96998193478432,1.52175112054498,-3.24488221573164,1.36770220126343,17.3764659165497,2.95022228597875
33.38,-1.5,17.3181330861732,-3.93410918401953,2.98432061807167,0.842756419007185,-3.20422409988148,1.44220655973245,17.3119353038549,2.97839208104914
33.4,-1.5,17.2184575235111,-3.05925538188001,3.00369219154461,1.31010192125186,-3.14824996452261,1.48151361628526,17.2484036225031,3.00767215876936
33.42,-1.5,17.195762870898,-1.90626300593548,3.03672469492175,1.66762527695281,-3.07984753391803,1.48794476526665,17.1861202114049,3.03740517182737
33.44,-1.5,17.1422070032736,-2.52684595584824,3.07039720262272,1.3681586489267,-3.00225862659524,1.46451472926976,17.1252635082495,3.06699690941737
33.46,-1.5,17.094689032664,-3.3366679720471,3.09145104087881,1.06223892396553,-2.92122445304526,1.41689970164798,17.0660242555528,3.09585001215057
33.48,-1.5,17.0087402843918,-3.48504941480181,3.11288675958135,1.35510623239371,-2.83965517610463,1.34848297067893,17.0084272609375,3.12352687884423
33.5,-1.5,16.955287056072,-2.62144367904265,3.14565529017456,1.69257174192973,-2.75976582972969,1.26230299674159,16.9524283236055,3.1496693682649
33.52,-1.5,16.90388253723,-2.82491898546278,3.18058962925853,0.784254578407195,-2.68487891376855,1.16266117154446,16.8979960985493,3.17393414560286
33.54,-1.46215242417009,16.8422902966535,-2.36687565967388,3.17702547331085,1.19634035452073,-2.60668705520013,1.04300016008654,16.8450313476749,3.19606446389893
33.56,-1.23442845385449,16.8092075108431,-2.48210691148465,3.22844324343936,1.8935865790617,-2.44244138781435,0.826001881546243,16.7942941833389,3.21501347808064
33.58,-0.643008391014226,16.7430060201941,-2.18400623594786,3.25276893647332,-0.115354080843411,-2.01481494423175,0.346096816458405,16.7491033393722,3.22733762219433
33.6,0.298278127991778,16.7218472614052,-1.29797363409088,3.22382908020563,-1.76212357335165,-1.15880241172324,-0.545214523389706,16.7166145441028,3.22605839672665
33.62,1.21682466715831,16.6910870748304,-0.610090814494679,3.18228399353925,-1.99204185219759,0.0590727786034548,-1.76632898499882,16.7052307338364,3.20326471237123
33.64,1.76639402622025,16.6974436288254,2.16179435254409,3.14414740611772,-2.20428798215797,1.27269671502046,-2.94283788609917,16.7189274404514,3.15572311286375
33.66,1.96788198996823,16.7775588489322,3.63864389054243,3.09411247425293,-2.403365891172,2.12153130364781,-3.71001843549855,16.7536231114652,3.08836164141263
33.68,2,16.8429893844471,2.30591416615642,3.04801277047084,-3.60362260796939,2.51243575085627,-3.97363177511098,16.8006590218481,3.01075335525947
33.7,2,16.8697954155785,1.3567287531032,2.94996756993416,-4.4203742023523,2.58674029930553,-3.87319659547422,16.8519953496002,2.93185678746826
33.72,2,16.8972585345712,2.37815353912536,2.87119780237675,-4.00314511618941,2.5225242087621,-3.58549071165784,16.9032381305986,2.8570424842898
33.74,2,16.9649215571435,2.55226632974406,2.78984176528658,-3.28180105438747,2.42235917788851,-3.2132542474821,16.9526928469565,2.78896877857367
33.76,2,16.999349187761,1.9250205049727,2.73992576020125,-2.61415251658075,2.32997914799343,-2.803371898214,17.0001896812029,2.72875805083303
33.78,2,17.0419223773424,2.53089102195618,2.68527566462335,-2.95863289234799,2.26093990906154,-2.37609592372462,17.046054393925,2.67694387333315
33.8,2,17.1005848286392,2.38588448529296,2.62158044450733,-1.62691679336212,2.21780761281367,-1.94012247902368,17.0908013819454,2.6337709225748
33.82,2,17.1373577567541,2.10792589931783,2.62019899288887,-1.16887965162306,2.19823990346661,-1.49990951748125,17.1349406694609,2.59935363834754
33.84,2,17.1849018646119,2.62201773454676,2.57482525844241,-1.72217837634223,2.19807559575505,-1.0585282492787,17.1789113626907,2.57373847065311
33.86,2,17.242238466136,2.2352663417859,2.55131185783518,-0.916024439340291,2.21363799345679,-0.619488509966606,17.2230154182765,2.55695632505808
33.88,2,17.2743125182834,2.16663049154899,2.5381842808688,0.322634578364789,2.24120976956467,-0.186242327922441,17.2675191620454,2.54893551987346
33.9,2,17.3289036857979,1.86448118396116,2.56421724096977,0.520849157567049,2.27700568171871,0.23783676279731,17.3126584279406,2.54949754628232
33.92,2,17.3488917656418,1.84575222856846,2.55901824717148,0.48579153694408,2.31796089719186,0.649000286257188,17.3585963817617,2.55839242474835
33.94,2,17.4027337749407,2.87107232702795,2.58364890244753,-0.0213051597184544,2.36308412209014,1.0421183650522,17.4053906152406,2.57534033534509
33.96,2,17.4637346587229,2.35813370862283,2.55816604078274,0.893738345975448,2.41190273526227,1.41170655158936,17.453128667889,2.5999249525771
33.98,2,17.4970591232856,1.90531655205994,2.61939843628655,2.18104985444265,2.46501967378572,1.75181201371169,17.5018984694246,2.63161272857257
34,2,17.5399473208053,2.52978019278443,2.64540803496045,2.18899554496922,2.52413467122895,2.05600171534176,17.5517872459152,2.66975397401001
34.02,2,17.598250330997,3.20745191117,2.70695825808532,3.85697363652693,2.59213228763492,2.31712963542813,17.6029151099427,2.71358070862899
34.04,2,17.6682453972521,2.91332864887295,2.79968698042153,2.45397410322229,2.67153656630705,2.52864264038668,17.6555266201495,2.76212871519576
34.06,2,17.7147834769519,3.10312659798599,2.80511722221421,1.47891067548361,2.76444302051554,2.68529130611053,17.709880172069,2.81434613559509
34.08,2,17.7923704611716,2.02232435579539,2.85884340744087,3.07754243659653,2.87238883376328,2.78337008999912,17.7662295548976,2.86912855819594
34.1,2,17.7956764511837,1.82979797785885,2.92821891967807,3.09065020761199,2.99298579883882,2.82402693176237,17.8248718107668,2.92529241788273
34.12,2,17.8655623802859,4.25168948866599,2.98246941574535,3.24485420758529,3.12155271880904,2.81204388152973,17.8860087349473,2.98173190067901
34.14,2,17.9657440307303,4.36877775750046,3.05801308798148,2.25273969777884,3.25123646116804,2.75567375376074,17.9497344591622,3.0374790739863
34.16,2,18.0403134905859,3.02928619816916,3.0725790036565,2.60241233546389,3.37538195146221,2.66408720233927,18.0159920912665,3.09175218896955
34.18,2,18.0869154786571,3.14787606738314,3.16210958140004,2.93789943486847,3.48860475533705,2.5457360774559,18.0846350488617,3.14390791573323
34.2,2,18.1662285332813,3.89239185004771,3.19009498105124,2.47866188991273,3.58809903504449,2.40670628407237,18.1554499161405,3.19343764595615
34.22,2,18.242611152659,2.76546447433326,3.26125605699655,2.04480833980532,3.67567496069603,2.24859826242123,18.2281086220184,3.24001792943061
34.24,2,18.2768471122546,3.51246555231484,3.27188731464346,2.13601959446785,3.75284450559846,2.07315990161003,18.3023488896326,3.28332373596054
34.26,2,18.3831097747516,4.46845958367437,3.34669684077526,2.20002811858201,3.81826596811787,1.88476565125404,18.3780787864557,3.32292263806639
34.28,2,18.4555854956016,3.34792813569527,3.35988843938674,0.914715166424629,3.87445489133647,1.68404236423118,18.455085804741,3.35856471154982
34.3,2,18.5170269001794,4.36717000299218,3.38328544743225,1.05393731870285,3.9260247876715,1.4695635678619,18.5331014509711,3.39011846867044
34.32,2,18.6302722957213,4.40914670350638,3.40204593213485,1.79754086384295,3.97235283556831,1.24495783395137,18.6120891720429,3.41728310665697
34.34,2,18.6933927683197,3.13241571712091,3.45518708198597,1.7651327061175,4.0142326934912,1.01251833677767,18.691967489664,3.43986282333431
34.36,2,18.7555689244061,4.43819014236668,3.47265124037955,0.590356551214144,4.05278884005268,0.774207523282963,18.7726470817784,3.45773371291658
34.38,2,18.8709203740143,4.90453510903244,3.47880134403453,0.363534081272932,4.08842847223095,0.532673230377994,18.854072768514,3.47079868483202
34.4,2,18.9517503287674,4.15382614025486,3.48719260363047,0.362825417102541,4.12152672926521,0.290597233979124,18.9361795378893,3.47902767161738
34.42,2,19.0370734196245,3.94885683155746,3.49331436071863,-0.365434820651767,4.15201638688531,0.0509506619758645,19.0189112077891,3.48244296313483
34.44,2,19.1097046020297,3.94179503039691,3.4725752108044,0.113928689125931,4.17926309007645,-0.182899958007911,19.1022259538205,3.48111371359747
34.46,2,19.1947452208404,4.16572982928765,3.49787150828367,-0.797147420336553,4.20230950084133,-0.40742865256494,19.1860646213924,3.47517713443288
34.48,2,19.2763337952012,4.24426281094989,3.44068931399093,-1.39358866101085,4.22055783994287,-0.619632693929554,19.2703077937243,3.4648783871938
34.5,2,19.3645157332784,4.52112021559552,3.44212796184324,-0.584040158523436,4.23266801231253,-0.81607047335405,19.3548365387759,3.45050673699626
34.52,2,19.457178603825,4.30948678973522,3.41732770765,-1.36750169142038,4.23666164100666,-0.992969895406818,19.4395289786095,3.43239588759084
34.54,1.97296601726435,19.5368952048678,3.75846215283424,3.38742789418642,-0.837444215433669,4.22491272426984,-1.14162421113566,19.5241995157073,3.41097592642065
34.56,1.8103060384675,19.6075170899384,3.06478992603152,3.38382993903265,-0.103476356784504,4.14225324504665,-1.2104281459537,19.6080737673596,3.38724358187826
34.58,1.38786313643873,19.6594868019091,4.09889505854011,3.38328883991504,-1.15093619992693,3.86371080430234,-1.0856027426929,19.6885742148402,3.3638582323521
34.6,0.715515622863015,19.77147289228,3.62306527466911,3.33779249103557,-1.82234599636332,3.26495698037321,-0.658083563250551,19.7604506848672,3.34587265471361
34.62,0.0594109520297759,19.8044094128958,2.04055318275955,3.31039500006051,0.0544378663190792,2.39525961299899,0.0151257152614894,19.8173211397546,3.33921546682842
34.64,-0.333138590157318,19.8530950195904,2.9095484443217,3.33997000568834,1.33404843803205,1.51137084535533,0.681842255827375,19.8561690635897,3.34643162574772
34.66,-0.477058564263023,19.9207913506687,0.744094573214227,3.36375693758179,1.6202512156964,0.842799690939545,1.12009932841527,19.8792673575765,3.364912755845
34.68,-0.5,19.8828588025189,-0.524100344530254,3.40478005431619,1.68814531454092,0.4327743222738,1.28891769417947,19.8916651750895,3.38938416909892
34.7,-0.5,19.8998273368875,0.27684226129665,3.43128275016343,0.891638778094195,0.21636755950286,1.25244196838403,19.8978775364021,3.41509322077353
34.72,-0.5,19.8939324929708,0.372039069231267,3.44044560543996,1.00105029894169,0.107369741718697,1.09520965087926,19.9009917182152,3.43871555056587
34.74,-0.50540679654713,19.9147088996567,0.417843654126759,3.47132476212109,1.19225628893319,0.0540433752548353,0.869953312877616,19.9025416863467,3.45844993093191
34.76,-0.537938792306501,19.9106462391359,0.31415424890131,3.48813585699729,-0.307881033192114,0.0181266818702189,0.61652452562639,19.9032632746188,3.47333137256314
34.78,-0.622427372712253,19.9272750696128,-0.690969340608572,3.45900952079341,0.279763576376546,-0.0364517213262373,0.372186794240038,19.9031413361039,3.4831725634489
34.8,-0.756896875427397,19.8830074655115,-1.09559042544491,3.49932640005235,1.03648865815444,-0.139990842104723,0.168129136662535,19.9014718417417,3.48849371125373
34.82,-0.888117809594045,19.883451452595,0.10238928683286,3.50046906711959,-0.253815113914402,-0.292609842781756,0.00748795540629088,19.8972041104409,3.49019639110693
34.84,-0.966627718031464,19.8871030369849,-0.0961817204172988,3.48917379549577,-0.611154388568558,-0.460019921161951,-0.137976305469575,19.8896648013441,3.48889834742689
34.86,-0.995411712852605,19.8796041837783,-0.991349775144457,3.47602289157685,0.141727045908557,-0.606668111930501,-0.297589945830903,19.878950690119,3.48457545467737
34.88,-1,19.8474490459791,0.120710046981198,3.49484287733212,0.0271097753168914,-0.720298216008518,-0.479496479044463,19.8656243485789,3.47684039026805
34.9,-1,19.8844325856576,-0.380832574743994,3.47710728258952,-1.76365437354059,-0.806490496697322,-0.675594396877568,19.8503274827416,3.46529562873418
34.92,-1,19.8322157429893,-2.33227331144876,3.42429670239049,-1.25018918467548,-0.877047074982678,-0.871979381454697,19.8334686884201,3.44981500579203
34.94,-0.962152424170088,19.7911416531996,-1.05561051984715,3.4270997152025,-0.143888884062637,-0.9345358787301,-1.06326844199304,19.8153101194909,3.43047031083812
34.96,-0.734428453854493,19.7899913221954,-0.145304075945951,3.41854114702799,-0.942783967094196,-0.906282918414286,-1.31359240018393,19.7966409808921,3.40690740648015
34.98,-0.143008391014226,19.7853294901618,-0.762970659112039,3.38938835651873,-1.82212698188551,-0.628098123733394,-1.77228739995166,19.7807156595919,3.37654849236405
35,0.798278127991779,19.759472495831,0.117924845746931,3.34565606775257,-3.03407767900769,0.096672014043645,-2.61752961128531,19.7745948065944,3.33334304382457
35.02,1.71682466715831,19.7900464839916,1.65895578187074,3.26802524935843,-3.82341470828373,1.23432351373012,-3.80468426554366,19.787426332389,3.26947736248246
35.04,2.26639402622025,19.8258307271058,2.42018704087661,3.19271947942122,-4.74473659316145,2.39379576044105,-4.94165867915047,19.8240928459744,3.18150992852708
35.06,2.46788198996823,19.8868539656267,2.84068907955568,3.07823578563197,-5.50150765991989,3.1090832261481,-5.56735763192845,19.8800646229174,3.07536758119939
35.08,2.5,19.939458290288,2.21602763037865,2.97265917302442,-5.83630412883808,3.28164859123437,-5.5886840390195,19.9446960119184,2.96297542930744
35.1,2.5,19.9754950708419,3.53488772383095,2.84478362047845,-6.14278430875729,3.15176702622442,-5.24626912228978,20.0092570445924,2.85428430103099
35.12,2.5,20.0808537992412,4.27782370670222,2.72694780067413,-3.71911234660944,2.94766819411511,-4.76561134088201,20.0703481021831,2.75397691050562
35.14,2.5,20.1466080191099,2.51320839246265,2.69601912661407,-3.02072730784428,2.77131395524842,-4.24627274627068,20.1274597426005,2.66382888263508
35.16,2.5,20.1813821349398,2.04854551517224,2.60611870836036,-4.21506327802261,2.64830181973929,-3.71803638434819,20.1815696888613,2.58417579480933
35.18,2.5,20.2285498397168,1.97974209178193,2.52741659549316,-4.79186760275394,2.57845988928105,-3.18699411618817,20.2337588420423,2.51511926118203
35.2,2.5,20.260571818611,2.71112391848582,2.4144440042502,-2.94876505639442,2.55474591420704,-2.6540378986321,20.285010795988,2.45671146955689
35.22,2.5,20.3369947964563,2.99409603180516,2.40946599323739,-2.04792911241476,2.56750278377401,-2.11880229699803,20.3361990308542,2.40896909423152
35.24,2.5,20.3803356598832,2.33464988837593,2.33252683975361,-2.10628164167086,2.60821998139026,-1.58219308057796,20.3879401258821,2.37194640717979
35.26,2.5,20.4303807919913,2.824886312363,2.32521472757055,-0.0374638323392129,2.66924927408903,-1.04608245793114,20.4406782824188,2.34567218860481
35.28,2.5,20.4933311123778,2.58769464732245,2.33102828646004,0.129896746774139,2.7435114499201,-0.513046013444367,20.4947611188162,2.33010248343451
35.3,2.5,20.5338885778842,3.47545756931442,2.33041059744152,-0.0616661679186059,2.8235215750685,0.0144705251577913,20.5503956338107,2.3251475944213
35.32,2.5,20.6323494151503,2.91073685816681,2.3285616397433,0.194603005394389,2.90752006057949,0.530370843760365,20.6076835483911,2.33062826736557
35.34,2.45133883107583,20.6503180522109,1.80267699904526,2.33819471765729,0.522425140963734,2.98625005529693,1.03377597515498,20.6667141436238,2.34623867037889
35.36,2.15855086924149,20.7044564951121,3.32138574340419,2.34945864538185,1.86917407435628,3.00329337795094,1.55819123141011,20.7267854994331,2.37208135734679
35.38,1.39815364558972,20.783173481947,3.40858604849679,2.41296168063155,3.3660734266197,2.83165729543432,2.19235916368204,20.7857125191001,2.40921077676323
35.4,0.187928121153428,20.840799937052,1.51893552726365,2.48410158244664,3.69021604612667,2.26486460553023,3.10099799941781,20.8373097818455,2.46167980220091
35.42,-0.993060286346404,20.8439309030376,1.13936278624491,2.56057032247661,4.12179632313795,1.20624270537898,4.37920530823463,20.8729007247524,2.53579869441272
35.44,-1.69964946228317,20.8863744485018,0.67970825408219,2.64897343537215,5.47245430721486,-0.2850231080846,6.0041632554584,20.8826939892039,2.63916607346773
35.46,-1.95870541567344,20.8711192332009,-1.9004647828905,2.77946849476521,8.41321009497672,-1.97951609261592,7.77149574969188,20.860113206008,2.77695397310865
35.48,-2,20.8103558571862,-3.07000810239053,2.98550183917122,8.4444051103476,-3.40005726321632,9.20687757767833,20.8052139882722,2.94793770563314
35.5,-2,20.7483189091053,-3.95434254018028,3.11724469917911,7.86942768924457,-3.7804632376151,9.54048988876245,20.7312213727424,3.13771433337762
35.52,-2,20.652182155579,-3.55580719053208,3.300278946741,9.37330167632504,-3.1337497490868,8.7683209298678,20.6611047412168,3.32192618239721
35.54,-2,20.606086621484,-2.33200870169563,3.49217676623211,7.75356179602201,-2.32956770276792,7.73915430799995,20.6067110453463,3.4869387575445
35.56,-2,20.5589018075112,-3.01207303269413,3.61042141858189,7.16963952339488,-1.7464144053067,6.82080986847324,20.5663537225236,3.63231875811796
35.58,-2,20.4856037001762,-1.47324359286429,3.77896234716791,6.98566438758655,-1.38268579468795,6.01418797869573,20.5353726187402,3.76052856580546
35.6,-2,20.4999720637966,0.138572338537823,3.88984799408535,4.73261804240582,-1.17876173306024,5.2694447367749,20.5099737341572,3.87329788260545
35.62,-2,20.4911465937177,-1.38874335117727,3.96826706886414,3.9062560033266,-1.08884252902243,4.55257522544136,20.4874727226543,3.97148437758164
35.64,-2,20.4444223297495,-1.53356569226872,4.04609823421841,4.06199589935868,-1.08081387487124,3.84466198941775,20.4658853391206,4.05545349761396
35.66,-2,20.429803966027,-0.918082623429672,4.13074690483849,3.04748852696888,-1.13286866988655,3.13680222386447,20.4438397838167,4.12526979907197
35.68,-2,20.4076990248123,-0.781196641549187,4.16799777529717,2.26201643531703,-1.22721223824834,2.42524813487296,20.4202925806672,4.18089963420098
35.7,-2,20.398556100365,-0.727336434374326,4.22122756225117,2.81253583117038,-1.34910317831149,1.70970514840162,20.3945561354977,4.22225724574472
35.72,-2,20.3786055674373,-2.02034908376598,4.28049920854398,-0.0461215703448037,-1.4854814253684,0.99173892253808,20.3662307364523,4.24927093252327
35.74,-2,20.3177421370144,-2.45696867458927,4.21938269943738,-0.318931950568091,-1.62445741024292,0.273983418947732,20.3351329942994,4.26192342777859
35.76,-2,20.2803268204538,-0.987996657767987,4.26774193052126,0.188826451549873,-1.75545825474381,-0.440272507661756,20.3012862185463,4.26026558850407
35.78,-2,20.2782222707036,-2.00957887764099,4.22693575749937,-1.6089885753948,-1.86991263507637,-1.14733276124721,20.2649822849816,4.24438835267077
35.8,-2,20.1999436653481,-2.15809935814928,4.20338238750547,-1.26056921738946,-1.96125135565712,-1.84326100105367,20.2266415173726,4.21445786383992
35.82,-2,20.1918982963777,-1.25371271321013,4.17651298880379,-2.11459604869473,-2.02483836347225,-2.52409357974103,20.1867542102153,4.17073931028114
35.84,-2,20.1497951568197,-2.0012224774753,4.11879854555768,-3.48922162314755,-2.05801768674007,-3.18578553782127,20.1458792970457,4.11359782906876
35.86,-2,20.1118493972787,-2.13508650201986,4.03694412387789,-3.93335060019805,-2.06126937739823,-3.822851927045,20.1046233562989,4.0434812715126
35.88,-2,20.0643916967389,-2.31236250224853,3.96146452154976,-4.10577620286836,-2.03785762433971,-4.42826447535719,20.063608864217,3.960893043878
35.9,-2,20.0193548971887,-2.17172178898846,3.87271307576316,-5.36117749197261,-1.99799427173786,-4.98810791248899,20.0232453109096,3.86662706114141
35.92,-2,19.9775228251794,-2.14701181761221,3.74701742187085,-6.3643752099649,-1.96024363739857,-5.47997064325514,19.9836811466595,3.76181514886649
35.94,-1.95133883107583,19.9334744244842,-1.98203894579567,3.61813806736456,-6.07296032187733,-1.95028338950312,-5.87207908744405,19.9446251611043,3.64811404210567
35.96,-1.65855086924149,19.8982412673476,-0.897747691663131,3.50409900899576,-5.76697124072907,-1.92754735636942,-6.18691075296719,19.9057226085467,3.52747749492337
35.98,-0.898153645589719,19.8975645168177,-1.05425193605235,3.3874592177354,-5.84757923336135,-1.68398796091422,-6.60822505873512,19.868965101996,3.39996066175558
36,0.312071878846572,19.8560711899055,-1.46695454354973,3.2701958396613,-6.97169076856121,-0.916239581694665,-7.42329300505999,19.8419328391364,3.26045227687183
36.02,1.4930602863464,19.8388863350757,-0.991959462958913,3.10859158699295,-8.7044369242514,0.229612754101303,-8.47880397920194,19.8350276776248,3.10123222158891
36.04,2.19964946228317,19.8163928113871,0.4855728903288,2.92201836269125,-9.51220461628168,0.985346779463413,-9.00189958579909,19.8483401093435,2.92503364938647
36.06,2.45870541567344,19.8583092506889,1.73074764716308,2.72810340234168,-9.0049281049424,1.10862626603436,-8.76954991983439,19.8700587505171,2.74635591740731
36.08,2.5,19.8856227172736,1.3814822080084,2.56182123849355,-7.79657366642505,0.960331916067893,-8.16210880725562,19.8909251597646,2.5766972068181
36.1,2.5,19.9135685390092,0.934558064509172,2.41624045568468,-6.6765379696564,0.79993477261139,-7.44195715523568,19.908433476723,2.42058060302999
36.12,2.5,19.923005039854,0.198340131543606,2.2947597197073,-6.14483181006041,0.717242646682143,-6.69717538360963,19.9234565481977,2.27916918431703
36.14,2.5,19.9215021442709,0.935000453643742,2.17044718328226,-5.88610495968394,0.723553968493631,-5.94245176661449,19.9377263722514,2.15275521038008
36.16,2.5,19.9604050579997,1.94566847413258,2.05931552131994,-6.24058428578101,0.810302397050104,-5.17628032878322,19.9529429604642,2.04154690987356
36.18,2.5,19.9993288832363,0.723678276054951,1.92082381185102,-5.44690668774956,0.965091452252202,-4.39637361904254,19.970587421064,1.94579704934971
36.2,2.5,19.9893521890419,0.614831852799558,1.84143925380996,-3.36720799913457,1.17374023334082,-3.60179170098303,19.991913306822,1.86578654464784
36.22,2.5,20.0239221573482,0.643826473682463,1.78613549188564,-2.04649925165276,1.42119548085731,-2.79374745018184,20.0178261858743,1.80181092906527
36.24,2.5,20.0151052479892,1.3503348557256,1.75957928374384,-0.526122519655159,1.69158183899591,-1.97508576031153,20.0489201985968,1.75411244462877
36.26,2.5,20.0779355515773,2.17477403919917,1.76509059109943,-0.903073353297063,1.96836548807921,-1.15004228900718,20.085502819883,1.72285497126956
36.28,2.5,20.1020962095572,2.16741668351261,1.72345634961196,-1.20302712630252,2.23486844353099,-0.323870025797303,20.1276001909319,1.70811437824547
36.3,2.5,20.1646322189178,2.71770408224246,1.71696950604733,0.365139968370726,2.47670749250334,0.497873284649857,20.1748160105547,1.70985348701953
36.32,2.5,20.2108043728469,2.6888382997865,1.73806194834679,0.398767521486193,2.68240266070883,1.30970935343168,20.2264672338514,1.72793973262202
36.34,2.5,20.2721857509092,2.23411847647199,1.73292020690678,1.46164702941233,2.84360929790311,2.10709131287162,20.2817627592568,1.76214132449724
36.36,2.5,20.3001691119058,2.87560528842725,1.79652782952328,3.78577230969674,2.95512754583999,2.88641895661175,20.3398053564878,1.81212700898798
36.38,2.5,20.3872099624463,3.84556243742082,1.88435109929465,3.92488191854127,3.01547354722856,3.64428886379028,20.3996120551419,1.8774540042825
36.4,2.5,20.4539916094026,3.8383332048924,1.95352310626493,3.76042631210799,3.02606664715671,4.37839995382668,20.4601351190056,1.9576865576805
36.42,2.5,20.540743290642,3.67295864743085,2.03476815177897,5.12352580628847,2.98895201603535,5.08827063093117,20.5203258787104,2.05243222455868
36.44,2.5,20.6009099552999,2.22699229891079,2.15846413851647,6.20636626887275,2.91160110569196,5.76752706623334,20.5793447876635,2.16110092029087
36.46,2.5,20.6298229825984,1.2159187001429,2.28302280253388,7.39608036844942,2.8072232624579,6.40345861935156,20.6365726439316,2.28289256869395
36.48,2.5,20.6495467033056,2.92548957249812,2.45430735325445,7.39768527475486,2.69486577268627,6.9768967807933,20.6916134450963,2.41679394214055
36.5,2.5,20.7468425654984,3.81552605770503,2.57893021352407,6.46992102127317,2.61278587002129,7.44683390931717,20.7445780321522,2.56127091820035
36.52,2.5,20.8021677456138,2.33932426019487,2.71310419410538,7.35039530489803,2.6376796099929,7.72782908373262,20.7968259515299,2.71342263157654
36.54,2.5,20.8404155359062,2.56934544665839,2.87294602571999,7.12880043135742,2.87157474463449,7.70233448201709,20.8514550245532,2.8683700987327
36.56,2.5,20.9049415634801,3.38655561054653,2.99825621135967,7.22892803396907,3.33386796750397,7.33559223633542,20.9132313566321,3.01921366039673
36.58,2.5,20.975877760328,4.13637145202035,3.16210314707876,7.53809872193187,3.87617480926541,6.77970304500647,20.9854087078144,3.16045601801306
36.6,2.5,21.0703964215609,4.25952583447655,3.29978016023695,6.9458325919078,4.30601998998302,6.25118662391972,21.0673022521656,3.29080851869916
36.62,2.5,21.1462587937071,5.05249664881164,3.43993645075507,5.35159346326648,4.57922138544573,5.81227774675664,21.1564093958072,3.41129388646324
36.64,2.5,21.2724962875134,5.00607444738614,3.51384389876761,4.77544148060027,4.74309174753107,5.42621690077109,21.2499144512353,3.52348895238358
36.66,2.5,21.3465017716025,4.89948980902106,3.63095410997908,5.31245370382218,4.85400958380307,5.04128615536325,21.345938046305,3.6281943016415
36.68,2.5,21.4684758798742,5.13148595580573,3.7263420469205,3.70898852527631,4.93074341278344,4.6412119305656,21.4438505152374,3.72503575278149
36.7,2.5,21.5517612098348,4.42347381594228,3.77931365099013,3.89907462797868,4.98694733160452,4.21485403787196,21.5430211107516,3.81367044216056
36.72,2.5,21.6454148325119,3.65970424701967,3.88230503203964,5.04288835762434,5.03448741570119,3.75592650542058,21.6432656460289,3.89342282970274
36.74,2.4459320345287,21.6981493797155,4.39157569137585,3.98102918529511,3.32709403235864,5.06541790756377,3.27195252145008,21.7443363033256,3.96370710735835
36.76,2.12061207693499,21.821077860167,6.04719416064601,4.01538879333399,2.99171316655411,5.03889036586123,2.79184437778436,21.8457157620215,4.02419460016727
36.78,1.27572627287747,21.9400371461414,5.13511338338022,4.10069771195727,3.04458467728426,4.83845474841659,2.37247522409326,21.9449379840619,4.07565214936877
36.8,-0.0689687542739695,22.0264823955022,3.75988106813434,4.13717218042536,1.99129495273025,4.34805692023711,2.0553553672112,22.0370125835474,4.11993010532532
36.82,-1.38117809594045,22.0904323888668,3.91136361216589,4.18034951006648,1.91822861337276,3.58017689344831,1.81257247504648,22.1167341326102,4.15853361104871
36.84,-2.16627718031463,22.1829369399888,3.17381950429256,4.21390132496027,0.752577379092867,2.67417291326737,1.55528094269688,22.1792971935325,4.19233207057299
36.86,-2.45411712852605,22.2173851690385,1.57936143630284,4.2104526052302,0.339273438742294,1.79433226593887,1.2193005179233,22.2238629560118,4.22022018036057
36.88,-2.5,22.2461113974409,0.703648714965244,4.22747226250996,1.05326379988397,1.02461258509731,0.789743192694376,22.2519153430952,4.24042764371685
36.9,-2.5,22.2455311176371,1.30655473002133,4.25258315722555,0.98145428345866,0.374309872660651,0.287070396672839,22.2657312940066,4.25128955897574
36.92,-2.5,22.2983735866418,0.484421997804407,4.26673043384831,1.07008059342111,-0.179991623313831,-0.259161311744276,22.2675999578617,4.25159823491311
36.94,-2.46755922071722,22.2649079975492,-1.6896798318295,4.2953863809624,-0.804068021478788,-0.651826192571205,-0.829766626355338,22.2590777170983,4.24077702586951
36.96,-2.27236724616099,22.2307863933686,-1.12031433676183,4.23456771298916,-2.75905577115967,-1.02269813537678,-1.42333145265876,22.2420987536616,4.21829677577705
36.98,-1.76543576372648,22.2200954240788,-1.12182261755605,4.18502415011601,-1.27101429472272,-1.23746546866939,-2.05914155441738,22.2191334083784,4.18358800941232
37,-0.958618747435618,22.1859134886663,-1.6002028305981,4.18372714120025,-2.74781726699376,-1.20921169422339,-2.78425748593076,22.1942364276407,4.13532958293503
37.02,-0.171293142435731,22.1560873108549,-0.360902982655009,4.07511145943626,-5.21438326928928,-0.895383208309423,-3.63497980468443,22.1727655123881,4.07133360592344
37.04,0.299766308188782,22.1714773693601,-0.186784427262054,3.97515181042868,-4.4045326419265,-0.344486470537173,-4.60323580932401,22.1600022755933,3.98915523008973
37.06,0.472470277115628,22.1486159337644,0.0437806681296671,3.8989301537592,-5.57574209211715,0.358944755066884,-5.65007293002416,22.1599014733286,3.88676277840556
37.08,0.5,22.1732285960853,0.905682345043957,3.75212212674399,-6.5787003567592,1.15099183234306,-6.72576308011432,22.1749602985559,3.76293471621576
37.1,0.5,22.1848432275661,1.35143483336861,3.63578213948883,-7.48299128737454,1.94454146726121,-7.74275359155634,22.2060165304255,3.61804847024608
37.12,0.5,22.2272859894201,2.49372825145215,3.45280247524901,-8.64862710661226,2.55583862985219,-8.51024989784903,22.2516256293098,3.45479949751231
37.14,0.5,22.2845923576242,3.34439954804209,3.28983705522434,-8.06678185286203,2.59550262305216,-8.63234477547571,22.3044189077539,3.28195543513173
37.16,0.5,22.3610619713418,1.48336700859586,3.13013120113453,-8.12592895922849,1.93065787412787,-7.95464209352335,22.3505617078433,3.11502829147792
37.18,0.5,22.343927037968,0.829005882195766,2.9647998968552,-7.55282145770425,1.0572943091373,-6.95898419088457,22.3803036025258,2.9658460861884
37.2,0.5,22.3942222066296,1.24436495755953,2.82801834282636,-7.16592257451151,0.375266980751994,-6.04979110818189,22.3942280735114,2.83599528713204
37.22,0.5,22.3937016362704,-0.279074910378974,2.67816299387474,-4.41671209548257,-0.0746057760571596,-5.27837973424393,22.3968919792085,2.72290810741213
37.24,0.5,22.3830592102144,-0.413677191088091,2.65134985900705,-4.3191610438906,-0.357540117461406,-4.5916786395744,22.3923476147343,2.62430389483762
37.26,0.5,22.3771545486269,0.452730506139609,2.50539655211912,-4.61424447027328,-0.529131863382619,-3.94580549937444,22.3833299443257,2.53897190805886
37.28,0.5,22.40116843046,-0.0359044143027454,2.46678008019612,-2.79476015655091,-0.625822587277332,-3.31563170490876,22.3716760595763,2.4663718750635
37.3,0.5,22.3757183720548,-0.967735616440901,2.39360614585708,-3.34017522061395,-0.671253470788968,-2.68851997134579,22.3586389267303,2.4063266366113
37.32,0.5,22.3624590058024,-0.935571849557526,2.33317307137157,-1.19243450804531,-0.681667911232559,-2.05907830742636,22.3450608152338,2.35884603018947
37.34,0.5,22.3382954980725,-1.06559446480787,2.34590876553527,-0.760605057021146,-0.669716157886416,-1.42562684116039,22.331518155533,2.32399246918804
37.36,0.5,22.3198352272101,-0.680620473291604,2.30274886909072,-0.398188939770339,-0.645742047665081,-0.788819247345087,22.3183562802081,2.30183968705641
37.38,0.5,22.3110706791408,-1.22042297618474,2.32998120794446,-0.647547159041473,-0.618543119443456,-0.150704405713188,22.3057118606783,2.29244664878578
37.4,0.5,22.2710183081627,-1.50568743609929,2.27684698272906,-0.498288746460751,-0.595937393822647,0.486016682230106,22.2935774849259,2.29580741947207
37.42,0.5,22.2508431816969,-0.169538422004756,2.31004965808603,1.55231503081714,-0.584593949869391,1.11803779167318,22.2818098465271,2.31184554069127
37.44,0.5,22.2642367712825,0.30902491801319,2.33893958396175,1.80142053057081,-0.589619493889915,1.74122802709107,22.2700987881738,2.34045394273628
37.46,0.5,22.2632041784174,-0.333646484740768,2.38210647930886,2.35564929695439,-0.613670966430647,2.34991979485314,22.2580871626774,2.38140571021817
37.48,0.5,22.2508909118929,-1.55938598494654,2.43316555583992,3.14394459194027,-0.656715279056882,2.93676122045468,22.2454096439803,2.43432219201779
37.5,0.5,22.2008287390195,-0.614473818823313,2.50786426298647,3.7865318042639,-0.714378612666637,3.49101966578869,22.2317195384676,2.49866314346322
37.52,0.5,22.2263119591399,-0.262825820270507,2.58462682801048,4.21774284558832,-0.773554806120881,3.99412198651054,22.2168203829778,2.57362587613273
37.54,0.521627186188522,22.1903157062087,-0.9680678142721,2.67657397681,3.79477336910277,-0.808114879407533,4.41540639583332,22.2009348641457,2.65788837361441
37.56,0.651755169226004,22.187589246569,0.0762467017955792,2.73641776277459,3.8299050540251,-0.741514057399508,4.67847851107918,22.1851621208743,2.7491982557474
37.58,0.989709490849013,22.1933655742805,-0.358194538248835,2.82977017897101,4.626114989101,-0.429028067655994,4.64206363183694,22.1729010960199,2.84304408698292
37.6,1.52758750170959,22.1732614650391,-0.584257672904442,2.92146236233863,4.6505105089805,0.281496444072179,4.15465783488419,22.1707151502316,2.93181607105051
37.62,2.05247123837618,22.1699952673643,1.61802985515482,3.01579059933023,3.49280946823178,1.33415456956371,3.26698842758581,22.1865097916825,3.00649163302846
37.64,2.36651087212585,22.2379826592453,3.27032782251404,3.0611747410679,3.01593492112243,2.4092543005505,2.29838722956721,22.224210790956,3.06197023475378
37.66,2.48164685141042,22.3008083802649,2.55222438332998,3.13642799617512,1.96386978980574,3.24143708429775,1.52583619654021,22.2812018176867,3.09979186374912
37.68,2.5,22.3400716345785,2.60992994949856,3.13972953266013,0.623537778885308,3.78129990668378,1.01421563440489,22.351817896566,3.12484188801839
37.7,2.5,22.4052055782449,4.3957913778061,3.16136950733054,0.0109751994220142,4.09507120837268,0.708987261374404,22.43092851302,3.14175450384952
37.72,2.5,22.5159032896907,5.26261570003106,3.14016854063701,0.0284042449102961,4.27971458115835,0.521436972863182,22.5148380644136,3.15391228752791
37.74,2.5,22.6157102062461,4.32822249145053,3.16250567712695,0.0258757546417465,4.38875295666909,0.401959843168287,22.6016170189569,3.16306221477475
37.76,2.5,22.6890321893487,4.07359881515914,3.14120357082268,0.288291252765038,4.45438523174089,0.320689653080177,22.6901061832687,3.17023841157289
37.78,2.5,22.7786541588525,5.02297873461419,3.17403732723755,1.32465711967794,4.49517311414085,0.260480524364403,22.7796310511339,3.17602619009039
37.8,2.5,22.8899513387333,4.80945520299541,3.1941898556098,-0.0419557142054661,4.52124039877598,0.21212057315942,22.8698148152208,3.18073678613695
37.82,2.5,22.9710323669723,3.60431747699499,3.17235909866933,-0.343242087781948,4.53861438899819,0.170262610587223,22.9604245356923,3.18455262397297
37.84,2.5,23.0341240378131,4.42316437748467,3.18046017209852,0.407004764693164,4.5505753754225,0.132160028364455,23.0513237045497,3.18757194765481
37.86,2.5,23.1479589420717,4.75300310766542,3.18863928925706,-0.360955804562113,4.55901409219093,0.0963811893053709,23.1424244414604,3.18985416404916
37.88,2.5,23.2242441621197,4.52548419042333,3.16602193991604,-0.77060930931292,4.56498126668273,0.0622864564709859,23.2336682985784,3.19143793808642
37.9,2.5,23.3289783096886,4.85160044890911,3.15781491688454,0.914001987853308,4.56910730167819,0.0296265288008148,23.3250115741782,3.19235503983743
37.92,2.5,23.4183081800761,4.02791067627284,3.20258201943017,0.204187234786868,4.57168683378379,-0.0015401955049363,23.4164225056869,3.19263274395344
37.94,2.49459320345287,23.4900947367395,5.32759085695673,3.16598240627602,0.23652394757927,4.57185488745209,-0.030062102044208,23.5078673866045,3.1923068432222
37.96,2.4620612076935,23.6314118143544,4.39176879864664,3.21204297733334,0.85159538526286,4.55691197932212,-0.0435659961443277,23.5991967463088,3.19152972432599
37.98,2.37757262728775,23.6657654886854,3.43731661680149,3.20004622168653,0.0845500084832751,4.50172357784639,-0.0182284912935367,23.6898762120223,3.1908227263128
38,2.2431031245726,23.7689044790264,5.10416739280313,3.21542497767267,0.110413910877893,4.38186152168746,0.0682325811806807,23.7788256721744,3.19121680327696
38.02,2.11188219040596,23.8699321843975,3.73674462891351,3.20446277812165,-1.22925007525301,4.20942303415486,0.202200867047054,23.8647873513396,3.19388104636043
38.04,2.03337228196854,23.918374264183,4.52444899921511,3.16625497466255,0.246451009751503,4.03649223700448,0.331603434062946,23.9472013858203,3.19927225272233
38.06,2.0045882871474,24.0509101443661,4.679913528041,3.21432081851171,0.989594618457046,3.90838628774348,0.4116782072749,24.0265579529054,3.20680452785024
38.08,2,24.1055708053046,2.62987068685074,3.20583875940083,0.815539860558601,3.83366997515411,0.433972918625029,24.1039004834576,3.21534664859227
38.1,2,24.1561049718401,3.2583813946518,3.24694241293405,-0.000413774861518501,3.79888606739319,0.411903226116055,24.1801721759594,3.22386645702431
38.12,2,24.2359060610907,4.84456788670293,3.20582220840637,-0.551089114652359,3.78628343293875,0.363339828517355,24.2559988766739,3.23165078687893
38.14,1.99459320345287,24.3498876873083,3.67334806054114,3.22489884834796,0.711281840799993,3.78419161809576,0.300441951951404,24.3316938137417,3.23830428524256
38.16,1.9620612076935,24.3828399835123,4.5110890933068,3.23427348203837,0.244697827560048,3.77384363273295,0.242059520628119,24.4073089297437,3.24370132873338
38.18,1.87757262728775,24.5303312510405,3.9615117613681,3.23468676145036,0.824956785312669,3.72737289194984,0.215134140311583,24.4824078939743,3.24819531179454
38.2,1.7431031245726,24.541300453967,2.14820694330005,3.26727175345088,0.664657449857087,3.61863126364221,0.243852717219907,24.5559592858593,3.25270520907134
38.22,1.61188219040596,24.6162595287725,3.81932015962017,3.26127305944464,-0.49343652650975,3.45660951478723,0.317835806818996,24.6267862984163,3.25826244407224
38.24,1.53337228196854,24.6940732603518,3.30442533486153,3.24753429239049,0.508694535659804,3.29367270193945,0.385441059870974,24.6942432601175,3.26535196470741
38.26,1.50458828714739,24.748436542167,3.49414538293056,3.28162084087103,0.266134692906839,3.17226219050815,0.405687421979825,24.7588196013937,3.27335495345047
38.28,1.5,24.8338390756691,3.63446203880997,3.25817968010676,-0.0219439753351591,3.10072732936537,0.371420296432856,24.8214826659673,3.28120034446445
38.3,1.5,24.8938150237194,3.00616897048709,3.28074308185763,1.37707341702036,3.06725447941547,0.295437614395554,24.8831060761151,3.2879301375263
38.32,1.5,24.9540858344886,3.15552877292991,3.31326261678757,0.784344645393109,3.05365671850223,0.196836459032079,24.9442933860327,3.29287831939339
38.34,1.5,25.0200361746366,2.73288098406557,3.31211686767335,-0.0964407371903175,3.04993625871458,0.0869228980722977,25.0053179630894,3.29572840865191
38.36,1.5,25.0634010738512,2.55634926972963,3.30940498729996,0.442385469348661,3.04990931854904,-0.026665229838282,25.066313680113,3.29633243398432
38.38,1.5,25.1222901454258,2.47097247658772,3.3298122864473,-0.936574040273874,3.0500185103448,-0.138860336911763,25.127314486594,3.29467181251329
38.4,1.5,25.1622399729147,3.19008136075878,3.27194202568901,-0.585914395653198,3.04810548442483,-0.24602373961137,25.188300118799,3.29081236227844
38.42,1.5,25.2498933998561,3.61190721144489,3.30637571062117,-0.244271350163272,3.04286286500807,-0.34544677828459,25.2492170707191,3.28488187741866
38.44,1.5,25.3067162613725,3.26177428527261,3.26217117168248,-0.501142244435615,3.03357179438049,-0.435114710837975,25.3099898891703,3.27705730621236
38.46,1.5,25.380364371267,3.09013453419027,3.28633002084375,-0.0519696124771984,3.0199457012098,-0.513572933857695,25.370529994782,3.26755315365096
38.48,1.5,25.4303216427401,2.31074346361737,3.26009238718339,-0.915683694185743,3.00207878460781,-0.57991001324864,25.4307476157216,3.25660604617693
38.5,1.5,25.4727941098117,3.25784681861689,3.24970267307632,-0.728546006547781,2.97984710810896,-0.633138942694283,25.4905669202618,3.2444598719656
38.52,1.5,25.5606355154848,3.5739612848757,3.23095054692148,-1.20057587639486,2.95216592706981,-0.671541084280867,25.5499069455785,3.23137816977528
38.54,1.47837281381148,25.6157525612067,3.38335526250848,3.20167963802052,0.0577340373112079,2.91658187133373,-0.692336202969904,25.6086209261667,3.21769711113937
38.56,1.348244830774,25.6959697259851,2.28497848968452,3.23325990841393,-0.0962476986715255,2.82442342477383,-0.649002627517942,25.6661987433716,3.20410743203026
38.58,1.01029050915099,25.7071517007941,2.06064292635624,3.19782973007366,-0.962909923242061,2.57440795567391,-0.446434265230131,25.7205472208258,3.19279660875924
38.6,0.472412498290412,25.7783954430394,2.28448767934042,3.19474351148424,0.501304038358941,2.06798811843594,0.00428227271586235,25.7674167504551,3.18795179307944
38.62,-0.0524712383761793,25.7985312079677,0.274026113154235,3.21788189160802,0.570108847977591,1.35975022420982,0.641084938106607,25.8018717115993,3.19425720072899
38.64,-0.366510872125855,25.7893564875655,-0.110858346382781,3.21754786540335,0.594415943831583,0.663578655616164,1.24701738572704,25.8219092398045,3.21336766546267
38.66,-0.481646851410418,25.7940968741124,0.570657173167977,3.24165852936128,0.742897136615428,0.163471999554411,1.63682984748889,25.8297962943604,3.24262573750807
38.68,-0.5,25.8121827744922,1.14972366000829,3.24726375086796,1.85182710389787,-0.109634851352617,1.77748638392207,25.8299859725236,3.27715551271651
38.7,-0.5,25.8400858205128,0.504416056180457,3.3157316135172,2.83147127162672,-0.22094864145064,1.73231292581242,25.8264821418293,3.31249249168134
38.72,-0.5,25.8323594167395,-0.176544194733363,3.36052260173303,1.50729392333936,-0.247128147613489,1.57754764844872,25.8217053879204,3.34572687628995
38.74,-0.5,25.8330240527234,-0.657523076412492,3.37602337045077,-0.230898836787696,-0.234055280843221,1.36078001729906,25.816853615458,3.37518580076808
38.76,-0.5,25.806058493683,-0.943396154410436,3.35128664826152,0.81692937003468,-0.206164929365058,1.10951907121947,25.8124405199475,3.39992957146803
38.78,-0.5,25.795288206547,0.382568349953161,3.40870054525216,2.0955368623662,-0.175811711733827,0.839980974928978,25.80862172274,3.41944629434995
38.8,-0.5,25.8213612276811,0.697389305114893,3.43510812275617,0.863267360137343,-0.149063500915313,0.562492443803857,25.8053830877359,3.43347669089962
38.82,-0.5,25.8231837787516,-0.302480738315225,3.44323123965765,0.0724320770366438,-0.128528921889106,0.28414546429583,25.8026175756477,3.44194047475712
38.84,-0.5,25.8092619981485,-1.31439982157584,3.43800540583764,0.400626947895444,-0.115492940749722,0.010697206411906,25.8001920390544,3.44487506975515
38.86,-0.5,25.7706077858886,-1.03342791394443,3.45925631757347,-0.734446823433788,-0.110427983297386,-0.25293883595127,25.7979451118311,3.44243350836493
38.88,-0.5,25.7679248815907,1.02724930249325,3.40862753290029,-0.121242854391512,-0.113912594808146,-0.501967304876169,25.7957178008016,3.4348548191895
38.9,-0.5,25.8116977579883,0.534064484650809,3.45440660339781,-0.187706800594412,-0.126420722077569,-0.731886670332617,25.7933304962239,3.42248039066523
38.92,-0.5,25.7892874609767,-0.676761936475856,3.40111926087651,-2.04885681221596,-0.148557499571432,-0.938382181922172,25.7905943270618,3.40573795473779
38.94,-0.510813593094261,25.7846272805293,-0.50544002410895,3.37245233090917,-1.85652285185526,-0.182587238001173,-1.11596025876653,25.7873098839635,3.38513695647655
38.96,-0.575877584613002,25.7690698600124,-0.30821049020302,3.3268583468023,-1.93569614687225,-0.253589732526259,-1.23833277543978,25.7830480103085,3.36146424889748
38.98,-0.744854745424507,25.7722988609212,0.333322178362216,3.29502448503428,-0.00927797375063211,-0.409655783450011,-1.25837104659271,25.7766043796571,3.33628046192242
39,-1.01379375085479,25.7824027471469,-0.195793385300735,3.32648722785227,-0.288030940962747,-0.702384121043419,-1.12721290896771,25.7657332001358,3.31215440207903
39.02,-1.27623561918809,25.7644671255091,-2.26052067359044,3.28350324739577,-0.516296921252957,-1.11063390137146,-0.867028257507797,25.7477108692637,3.29207971109576
39.04,-1.43325543606293,25.6919819202032,-2.09729953794833,3.30583535100216,-0.907725257611613,-1.52993985199146,-0.581442898560102,25.7212321024952,3.27764478781205
39.06,-1.49082342570521,25.6805751439912,-0.943158105573527,3.24719423709131,-0.733617346226756,-1.86197291653102,-0.368808135895411,25.6871308803718,3.26830230486608
39.08,-1.5,25.6542555959803,-2.05672479600079,3.27649065715309,0.867698808535622,-2.08328937594109,-0.255034989246921,25.6475040039697,3.26222091787522
39.1,-1.5,25.5983061521512,-1.64125608739285,3.28190218943273,0.214964115576199,-2.21815122598811,-0.218864846911001,25.6043757546139,3.25758309102078
39.12,-1.5,25.5886053524846,-2.20799144396215,3.28508922177613,-0.851392062204315,-2.30148114452311,-0.227608424379449,25.5591152945792,3.25317251286158
39.14,-1.5,25.5099864943927,-3.23065272278704,3.24784650694456,-1.22249059170109,-2.35552075832974,-0.259940339798865,25.5125110181676,3.2483221874587
39.16,-1.5,25.4593792435731,-1.98365502448334,3.23618959810809,-0.758353182100313,-2.39335131667823,-0.302908801468144,25.4650018183057,3.24270464595211
39.18,-1.5,25.4306402934133,-2.00134218073762,3.21751237966055,0.0200150856377479,-2.42280232671962,-0.348430284150206,25.4168318120712,3.23618975067372
39.2,-1.5,25.3793255563436,-2.81724447122782,3.2369902015336,0.637154169570175,-2.4481557968377,-0.391765900665963,25.3681172131191,3.22878185180891
39.22,-1.5,25.3179505145642,-3.26919825276386,3.24299854644335,-0.370229321217774,-2.47195840683884,-0.429890727513575,25.3189163302005,3.2205534462462
39.24,-1.5,25.2485576262331,-2.28539842572459,3.22218102868489,-0.561036902994894,-2.49531269306053,-0.461239685937259,25.2692412368843,3.2116320305557
39.26,-1.5,25.2265345775352,-2.06262710495739,3.22055707032356,-0.702550580206807,-2.51902686805008,-0.484662707836276,25.2191012956984,3.20215664478378
39.28,-1.5,25.1660525420348,-3.41895056056902,3.19407900547662,-0.998442653968445,-2.54300115176073,-0.499989172240752,25.1684804770182,3.19229752953976
39.3,-1.5,25.0897765551125,-2.8551669463984,3.18061936416482,-1.42243771374103,-2.56729162680902,-0.507046932898076,25.1173765653877,3.18221477213632
39.32,-1.5,25.0518458641788,-1.92132544063535,3.13718149692698,-1.39371713628987,-2.59178318625655,-0.505957668681681,25.0657887206775,3.17206820478093
39.34,-1.5,25.0129235374871,-2.29172539743869,3.12487067871322,0.266766766823845,-2.61600259851331,-0.497302244057496,25.0137101210916,3.1620236402272
39.36,-1.5,24.9601768482813,-3.13654044427345,3.14785216759993,0.492891659447015,-2.63971605409815,-0.481551968443511,24.9611488377733,3.15222708580761
39.38,-1.5,24.8874619197161,-2.47561930110205,3.1445863450911,-0.782622222880602,-2.66283688763098,-0.45914457233468,24.9081238924847,3.14280703517543
39.4,-1.5,24.8611520762372,-1.73015146906996,3.11654727868471,-0.049488643277773,-2.68494741134413,-0.430920515907146,24.854647279571,3.13389340994381
39.42,-1.5,24.8182558609533,-3.08277916522508,3.14260679935999,0.352261663843034,-2.70570039823052,-0.397731773646467,24.800737628077,3.12560050178844
39.44,-1.5,24.7378409096282,-2.57625734698497,3.13063774523843,0.0015787745236473,-2.72496874184757,-0.360280567482124,24.74642446205,3.11801869736964
39.46,-1.5,24.7152055670739,-2.16200308434562,3.14266995034094,-0.804426839120931,-2.74275469820354,-0.319197728436956,24.6917445751813,3.11121805511683
39.48,-1.5,24.6513607862544,-3.67318571487676,3.09846067167359,-0.65650610455309,-2.75879403427118,-0.275406799969373,24.6367275843775,3.10526527563555
39.5,-1.5,24.5682781384789,-2.84354941264873,3.11640970615882,-0.496856810208446,-2.77289438288001,-0.229801047918839,24.5814080428582,3.1002099884288
39.52,-1.5,24.5376188097484,-2.18606218303172,3.07858639926525,-0.116477675531645,-2.78497234901572,-0.183169052419741,24.5258246336953,3.09608176359792
39.54,-1.5,24.4808356511576,-2.25122738747041,3.11175059913755,0.0735089162833269,-2.79504422471623,-0.136201609482742,24.4700197362299,3.09289043829711
39.56,-1.5,24.4475697142496,-2.48064629596039,3.08152675591659,-0.648709193620067,-2.80303419794001,-0.0896633835493457,24.4140321684682,3.09063553661091
39.58,-1.5,24.3816097993192,-3.3951672888449,3.08580223139275,0.247792663133239,-2.80893222509925,-0.0442696297701807,24.3579050028641,3.08930134850442
39.6,-1.5,24.3117630226958,-3.80201438797689,3.09143846244191,-0.0612678429802282,-2.81282292709647,-0.000617292512558321,24.3016837214069,3.08885592820313
39.62,-1.5,24.2295292238001,-3.47619258007841,3.08335151767354,-0.0945363894905626,-2.8147257333939,0.0406889262738425,24.245408848436,3.08925833707176
39.64,-1.5,24.1727153194927,-3.12071566924459,3.08765700686229,-0.309393119095636,-2.81459488201346,0.0790365670570972,24.1891159506407,3.09045864361416
39.66,-1.5,24.1047005970303,-3.40759119727858,3.07097579290971,-0.203434272244885,-2.81247188572855,0.113935498081936,24.1328420289025,3.09239457400578
39.68,-1.5,24.0364116716015,-2.55824648513174,3.0795196359725,0.795951676498052,-2.80857092566461,0.14509357129112,24.0766287276463,3.09499135150017
39.7,-1.5,24.002370737625,-1.23410713083425,3.10281385996964,0.258112227328411,-2.80302007465589,0.172207606171488,24.0205103907452,3.09817107055135
39.72,-1.5,23.9870473863682,-1.533342881583,3.08984412506563,0.157143641778579,-2.79594484357032,0.195033720699542,23.9645157075965,3.10185333637889
39.74,-1.50540679654713,23.9410370223617,-2.89695242222345,3.10909960564078,0.699563531280289,-2.78850113291108,0.214380019800139,23.9086792917666,3.10594515247199
39.76,-1.5379387923065,23.8711692894792,-3.60534031123123,3.11782666631684,0.284953540343491,-2.79409234246891,0.242784032838084,23.852886424364,3.11049116172373
39.78,-1.62242737271225,23.7968234099125,-3.41208028598423,3.12049774725452,-0.211759242775211,-2.83816143250487,0.30396297677928,23.7966587090813,3.11587552023267
39.8,-1.7568968754274,23.7346860780398,-3.32872057157871,3.10935629660584,-0.201911267611166,-2.94459841633843,0.419433983838913,23.7389299690856,3.1230251277113
39.82,-1.88811780959404,23.6636745870493,-2.92834937047788,3.11242129655007,1.48433507493059,-3.10241828417484,0.576409456498804,23.6785193930669,3.13294185225545
39.84,-1.96662771803146,23.6175521032207,-2.53891049142574,3.16872969960306,1.04446173103224,-3.25754445410316,0.720759603870491,23.6148641118657,3.14598520119294
39.86,-1.9954117128526,23.5621181673923,-2.86543264477075,3.15419976579136,-0.289295723387129,-3.36542541467485,0.808316904268085,23.54854248749,3.16138388724288
39.88,-2,23.5029347974299,-2.94631568146526,3.15715787066757,0.578718120629107,-3.41835074009599,0.831313069861325,23.4806449998413,3.17785814917279
39.9,-2,23.4442655401337,-4.07415820965369,3.17734849061653,0.868692159942219,-3.42910489966897,0.802440536988184,23.4120937040259,3.19428672013269
39.92,-2,23.3399684690438,-3.52126955123069,3.19190555706526,0.508047967056569,-3.41912046575066,0.742891502521552,23.3435901207271,3.20977789386492
39.94,-2.00540679654713,23.3034147580845,-2.91541958597819,3.19767040929879,1.84925878629253,-3.39990911153048,0.664760631707536,23.2753939771798,3.22387505458528
39.96,-2.0379387923065,23.2233516856046,-3.45439919576398,3.26587590851696,1.80658795087569,-3.3914640373965,0.588320182465366,23.207511095669,3.23638939636828
39.98,-2.12242737271225,23.1652387902539,-3.51416911039681,3.26993392733382,0.477667097655643,-3.4226224382436,0.542202643720597,23.1394633673643,3.24761764620872
40,-2.2568968754274,23.0827849211888,-3.36442220999444,3.28498259242319,0.209482277452089,-3.51747015022582,0.550176973042772,23.0701784854438,3.25844114353191
40.02,-2.38811780959404,23.0306619018541,-3.67707274090883,3.2783132184319,-0.163560949306496,-3.66613094623021,0.602982221406762,22.9983987190066,3.26993025304112
40.04,-2.46662771803146,22.9357020115524,-4.80429379536327,3.27844015445093,-0.23063384137344,-3.81856770421053,0.652699855488029,22.9235138630075,3.28253482219209
40.06,-2.4954117128526,22.8384901500396,-3.76295880032069,3.26908786477696,0.395866637366005,-3.93162816528445,0.658055545760592,22.8459311603924,3.29573059758295
40.08,-2.5,22.7851836595396,-3.82340339707659,3.29427481994557,1.39520578903174,-3.99767774957613,0.611948146024348,22.7665746516241,3.3085025168123
40.1,-2.5,22.6855540141565,-3.9670726311563,3.32489609633823,0.0386174974325248,-4.02961007840972,0.527290302900777,22.6862526313327,3.31995049304865
40.12,-2.5,22.6265007542933,-4.35377070341145,3.29581951984287,-0.121511775519167,-4.04433653250506,0.421070926318091,22.6054979755084,3.32945651097465
40.14,-2.5,22.5114031860201,-3.87275597994972,3.32003562531746,1.01614462822156,-4.05139820073916,0.303667913250235,22.5245295681877,3.33671942358965
40.16,-2.5,22.4715905150953,-3.08186977086056,3.33646530497173,-0.267405061010217,-4.05662726418816,0.182027420297986,22.4434521031665,3.34157686533005
40.18,-2.5,22.3881283951856,-4.99676872102635,3.30933942287706,0.196751701814946,-4.06263658000396,0.0601890438399386,22.3622601216872,3.34399850239868
40.2,-2.5,22.2717197662543,-4.55469161230342,3.34433537304433,1.00219956854323,-4.07111183482732,-0.0587188308918049,22.2809277319541,3.34400607386388
40.22,-2.5,22.2059407306935,-4.04929484534211,3.34942740561879,-0.0464478732685625,-4.08260377535066,-0.172648224884593,22.1993962582195,3.34168230858427
40.24,-2.5,22.1097479724406,-4.52313317593731,3.34247745811359,-0.612137992689787,-4.09723871707833,-0.280032145770197,22.1176015871894,3.3371447520954
40.26,-2.5,22.025015403656,-3.91821354460866,3.32494188591119,-1.44836746974024,-4.11502927200066,-0.379532235779929,22.035486234823,3.33053283835171
40.28,-2.5,21.9530194306562,-3.66459893065008,3.28454275932398,-0.643106112952652,-4.13554911744622,-0.470323688533668,21.9529847875867,3.32201917599074
40.3,-2.5,21.87843144643,-3.92315645737815,3.29921764139309,0.498388294720342,-4.15847241618332,-0.551651079254922,21.870045884564,3.31178537270648
40.32,-2.5,21.7960931723611,-3.6667366508083,3.30447829111279,-0.478015052366709,-4.18397918749994,-0.622445934816257,21.7866387386024,3.30001376432125
40.34,-2.45674562762296,21.7317619803977,-4.3545223802699,3.28009703929842,-1.10867243520572,-4.20420603765517,-0.689413774013898,21.7026866253119,3.28694680975041
40.36,-2.19648966154799,21.6219122771503,-5.2673475045804,3.26013139370456,-1.09209179904564,-4.11448860058858,-0.851894562796057,21.6191940236814,3.27180972691975
40.38,-1.52058101830197,21.5210680802145,-3.31728576590384,3.23641336733659,-0.590618201031312,-3.71631145639197,-1.29857010121921,21.5401540427941,3.25098592230997
40.4,-0.444824996580825,21.4892208465142,-2.79283042781708,3.23650666566331,-1.97743140766374,-2.79771592888877,-2.22682632208639,21.4740891370539,3.21657831753198
40.42,0.604942476752359,21.4093548631018,-1.9804738513935,3.15731611103004,-4.11674519941123,-1.44458598364436,-3.5359276497658,21.4312658549144,3.15925059389135
40.44,1.23302174425171,21.4100018924584,0.144893804187518,3.07183685768686,-4.4200523020023,-0.137546792291942,-4.73098123536688,21.4159777659344,3.07592309592863
40.46,1.46329370282084,21.4151506152693,0.529277946395545,2.98051401894995,-6.29503270829567,0.667185451623788,-5.34844831453127,21.422250361122,2.97402605787799
40.48,1.5,21.4311730103143,0.683691131057795,2.82003554935504,-5.33259138543196,0.950013135889319,-5.37082221193575,21.4390969366674,2.86603716207796
40.5,1.5,21.4424982605116,1.14902477846295,2.76721036353267,-3.9300672383237,0.953613642960711,-5.04508339807878,21.4584201622114,2.76148269210162
40.52,1.5,21.4771340014528,2.06939804100843,2.66283285982209,-4.67624320405849,0.878529267601008,-4.57288409966471,21.4767774825217,2.6651565022615
40.54,1.5,21.5252741821519,0.871076482045918,2.58016063537033,-4.75062762897493,0.807620651028276,-4.04092048964817,21.4935996991127,2.57895515822363
40.56,1.5,21.5119770607346,-1.19573840898486,2.47280775466309,-2.96326914367924,0.765973039736092,-3.48047205740265,21.5092817306581,2.50370572824727
40.58,1.5,21.4774446457925,0.453333783848464,2.46162986962316,-1.8503575187947,0.757224722166634,-2.90314375018751,21.52446349189,2.43984464147112
40.6,1.5,21.5301104120885,2.06697904167932,2.3987934539113,-2.98423306726192,0.77714989144323,-2.31387809428314,21.53976623299,2.38765637123976
40.62,1.5,21.5601238074597,1.84792371993758,2.34226054693269,-2.54573705689892,0.819285323383146,-1.71607677387717,21.5556958356212,2.34734795694427
40.64,1.5,21.604027360886,1.54288878652178,2.29696397163535,-0.919195925876226,0.876128490735119,-1.11258358146732,21.5726418549581,2.31904589969272
40.66,1.5,21.6218393589206,-0.615149041930341,2.30549270989764,-0.343303484762203,0.94052829632655,-0.506675326834069,21.5908135988012,2.30284089127139
40.68,1.5,21.5794213992088,0.381782940924058,2.28323183224486,-0.0697931610950553,1.00602834575049,0.097931186863998,21.6102770126752,2.29876221158907
40.7,1.5,21.6371106765575,1.4273989024864,2.30270098345384,0.891356505186069,1.06686400818391,0.697331456340821,21.631004070467,2.30674011241616
40.72,1.5,21.6365173553083,1.01048288682826,2.3188860924523,0.691714801478327,1.11850648180037,1.28725376958786,21.652822701049,2.32665376455099
40.74,1.47837281381148,21.6775299920307,1.75794866871879,2.33036957551297,1.72051267531251,1.1554657213378,1.86403674442578,21.6754874608761,2.3582885645935
40.76,1.348244830774,21.706835302057,0.860403739245186,2.3877065994648,3.3258012765627,1.14869731019231,2.4405283305454,21.6987166526276,2.40123890535077
40.78,1.01029050915099,21.7119461416005,0.576496614179689,2.46340162657548,3.63483819384414,1.04183270421653,3.05437202966429,21.7209567935798,2.45598437968045
40.8,0.472412498290412,21.7298951666242,1.25473205615823,2.53310012721857,2.81363585295297,0.751723101249793,3.76814770515544,21.7392632392676,2.52399772187767
40.82,-0.0524712383761793,21.7621354238468,0.675585942229784,2.5759470606936,4.37059037059695,0.209689511275354,4.63837223461952,21.7492684651162,2.60781753977794
40.84,-0.366510872125855,21.7569186043134,-0.578189017749864,2.70792374204244,6.79567146277841,-0.502964614682666,5.59985309556287,21.7464868763452,2.71016914343389
40.86,-0.481646851410418,21.7390078631368,-1.27567392714205,2.84777391920473,7.24442231008754,-1.19080099116684,6.46825560624128,21.7292819142215,2.83122996432291
40.88,-0.5,21.7058916472277,-1.31172316688639,2.99770063444595,7.24265398523604,-1.58230378038073,6.96816844866623,21.7008379693911,2.96643733518353
40.9,-0.5,21.6865389364614,-2.04974108893943,3.13748007861417,5.85999826330641,-1.48248481971884,6.89034617984828,21.6693914533303,3.10597942573161
40.92,-0.5,21.6239020036702,-1.65292716878076,3.2321005649782,5.00035890533941,-1.03112956653985,6.36339768387976,21.6439505639532,3.23898701795753
40.94,-0.5,21.6204218497101,-0.108287502611315,3.33749443482775,5.57744727367918,-0.528772784440752,5.68980535969509,21.628433131444,3.35958892092563
40.96,-0.5,21.6195705035657,-0.0463234055358974,3.45519845592537,6.38285732826526,-0.128779352808747,5.03111338241956,21.6220622861397,3.46673087509628
40.98,-0.5,21.6185689134887,0.710065044878849,3.59280872795836,4.44846554870746,0.153012627834186,4.41304893992581,21.6224785909562,3.561118025963
41,-0.5,21.6479731053609,0.630802593307589,3.63313707787367,2.4032331875218,0.340464725517243,3.82174643085078,21.6275516184501,3.64343264733342
41.02,-0.5,21.643801017221,-0.0874853004344089,3.68893805545923,3.48337427095508,0.458945922051465,3.24193894561151,21.635644343502,3.71405872089445
41.04,-0.5,21.6444736933435,0.0321226294515142,3.77247204871187,2.88026910382467,0.527867689526902,2.66413848184052,21.6455834345017,3.77311992358941
41.06,-0.5,21.6450859223991,0.727201994882698,3.80414881961222,2.25958488771441,0.561771950349929,2.08370980667075,21.656525328874,3.82060684608108
41.08,-0.5,21.6735617731388,0.78356084989899,3.86285544422045,2.41084631916916,0.571861821478677,1.49934719978744,21.6678930972454,3.85644382870541
41.1,-0.5,21.676428356395,-0.380779250931251,3.90058267237899,0.351216828345657,0.567364645641227,0.91172212851275,21.6793046490077,3.88055722633749
41.12,-0.5,21.6583306031015,0.548345615618206,3.87690411735427,-0.663921307334225,0.555892668638347,0.322966802731256,21.690504422826,3.892933487956
41.14,-0.516220389641391,21.6983621810197,1.3175292038075,3.87402582008562,0.0822752329717957,0.543396987088156,-0.263486803219735,21.7015278453954,3.89349839720385
41.16,-0.613816376919503,21.7110317712538,1.00900661952688,3.88019512667315,-0.566479527600339,0.516290915641923,-0.830530896918272,21.712187660138,3.88248970756857
41.18,-0.86728211813676,21.7387224458008,0.774955932177424,3.8513666389816,-0.589361841358493,0.436436186083762,-1.34380131204984,21.7218731131168,3.86059786884005
41.2,-1.27069062628219,21.7420300085409,0.178425196244536,3.85662065301881,-0.945013671501671,0.243779062496019,-1.75135040999717,21.7288763015728,3.82945139206922
41.22,-1.66435342878213,21.7458594536506,-0.828591457436723,3.81356609212154,-2.48610007027027,-0.083055488034889,-2.02763453797607,21.7306880573962,3.7914508315689
41.24,-1.89988315409439,21.7088863502435,-0.641965994389171,3.757176650208,-2.65122020209514,-0.496997484200847,-2.19781735114524,21.7249579061633,3.74906752086113
41.26,-1.98623513855781,21.720180813875,0.324359666625895,3.70751728403773,-2.48845477698169,-0.921552133453528,-2.31396204002491,21.7107494070227,3.70388971319413
41.28,-2,21.7218607369085,-1.09702955418731,3.65763845912873,-2.14843904456383,-1.31013804414557,-2.40974922824335,21.6883608422383,3.65662783712834
41.3,-2,21.6762996317075,-2.64214507478444,3.62157972225518,-2.18742862907793,-1.65105543709591,-2.49416113997621,21.6586937337523,3.60755071294383
41.32,-2,21.6161749339171,-2.5448611443939,3.57014131396561,-3.2403796182337,-1.9517974967727,-2.56133919845491,21.622582668283,3.55697959917563
41.34,-2.00540679654713,21.5745051859318,-2.72252170667917,3.49196453752583,-2.88287219307301,-2.22186088509689,-2.60424101331076,21.580811220824,3.50526926365656
41.36,-2.0379387923065,21.50727406565,-2.00137437569081,3.45482642624269,-2.02458090162992,-2.47765586994574,-2.60964086337871,21.5338402087329,3.45302580607549
41.38,-2.12242737271225,21.4944502109042,-2.26281972433133,3.41098130146063,-3.19090495070107,-2.74472740424748,-2.55585837810936,21.48163664893,3.40127196574073
41.4,-2.2568968754274,21.4167612766767,-3.65861779005563,3.32719022821465,-2.28316646969319,-3.05411817223225,-2.41627314882095,21.4237155419719,3.35141147497605
41.42,-2.38811780959404,21.3481054993019,-3.2775723735945,3.3196546426729,-1.9149274685226,-3.40106349440929,-2.19893473678572,21.3591722916451,3.30518425595522
41.44,-2.46662771803146,21.2856583817329,-2.83592379071695,3.25059312947374,-2.33307164376074,-3.73464110858067,-1.95795818836778,21.2877634593915,3.26361168856928
41.46,-2.4954117128526,21.2346685476733,-4.14272057837746,3.22633177692248,-1.32651521154915,-4.00190578535287,-1.75093841825831,21.2103086843815,3.22656540675509
41.48,-2.5,21.1199495585978,-4.26057882252477,3.19753252101178,-2.37482599039449,-4.19017772390935,-1.59600118807999,21.1282428905889,3.19319886119169
41.5,-2.5,21.0642453947723,-3.65167960939843,3.1313387373067,-1.20463021207405,-4.31856761300685,-1.47905860884687,21.0430780030322,3.16249259002123
41.52,-2.5,20.9738823742219,-5.31345673569028,3.14934731252882,-0.38668400367422,-4.408095887218,-1.38252320576389,20.9557661202152,3.13389359851947
41.54,-2.5,20.8517071253447,-5.19645097249288,3.11587137715973,-1.38757424399796,-4.47300685226869,-1.294527362682,20.8669019083336,3.10715030685129
41.56,-2.5,20.7660243353222,-4.07843995260615,3.0938443427689,-1.88457086892491,-4.52396079381185,-1.20627536835096,20.7769175447484,3.08213462456423
41.58,-2.5,20.6885695272404,-3.66816965067081,3.04048854240273,-1.30098018497344,-4.56522071786609,-1.1149628260437,20.6860072707767,3.0589204903847
41.6,-2.5,20.6192975492953,-4.44120806140935,3.04180513536996,0.14407216954927,-4.60067845502225,-1.01810427928743,20.5943461740636,3.03757413536143
41.62,-2.5,20.510921204784,-6.2459962310828,3.0462514291847,-0.480539343039132,-4.63159869168437,-0.915756565340928,20.5020131640213,3.01823015500013
41.64,-2.5,20.369457700052,-5.34414218128809,3.02258356164839,-1.58285790977944,-4.65949867239913,-0.80774171923176,20.409096086011,3.00098781717266
41.66,-2.5,20.2971555175325,-3.25583772771969,2.98293711279352,-1.56789776639841,-4.68497171579974,-0.694796831038643,20.3156493243875,2.98595312513305
41.68,-2.5,20.2392241909432,-4.54937266394175,2.95986765099246,0.119088919178667,-4.70817916632081,-0.578095071100777,20.2217129308734,2.97322030940291
41.7,-2.5,20.1151806109748,-5.68037289043488,2.98770066956067,-0.103489628351583,-4.72934844278247,-0.458736180301122,20.1273317548485,2.9628512307084
41.72,-2.5,20.0120092753259,-4.16565500834647,2.95572806585839,-1.39785554524829,-4.74827552819111,-0.338225007417184,20.0325369010027,2.95489459249975
41.74,-2.5,19.948554410641,-3.72522132159467,2.93178644775074,0.707847265241324,-4.76527701782192,-0.217560585277065,19.9373875025845,2.94934727821787
41.76,-2.5,19.8630004224621,-4.34947574915237,2.98404195646805,-0.166639769715993,-4.78037073545595,-0.0979795137390365,19.8419360728188,2.94618702976297
41.78,-2.5,19.7745753806749,-5.93147184846705,2.9251208569621,-1.00470046904407,-4.79295766830878,0.0187459827547953,19.7462152681926,2.94538516466769
41.8,-2.5,19.6257415485234,-5.1675998136484,2.94385393770628,0.376006169607757,-4.80219776926039,0.130673350615863,19.6502541593554,2.9468923761033
41.82,-2.5,19.5678713881289,-4.78174720832909,2.94016110374641,0.339620838830001,-4.80832449170882,0.236962815402587,19.554135264478,2.95058724506884
41.84,-2.5,19.4344716601902,-5.29731976456684,2.95743877125948,0.733008491694809,-4.81132667549617,0.336620410491134,19.4579364865903,2.95633180315874
41.86,-2.5,19.3559785975463,-4.80670105248047,2.9694814434142,0.727168701977998,-4.81069903325964,0.428272446570191,19.3617196730103,2.96398555679649
41.88,-2.5,19.242203618091,-5.11936021421571,2.9865255193386,-0.0271997136862434,-4.80585866087461,0.510565515006136,19.2655468324991,2.97339078219546
41.9,-2.5,19.1512041889776,-4.30194172762626,2.96839345486675,-0.22604816588786,-4.79695912917019,0.58294273411842,19.1695110326734,2.98434398199041
41.92,-2.5,19.070125948986,-3.75085256393728,2.97748359270309,1.58994929215623,-4.78399378977963,0.644786632532886,19.0736956106613,2.99663804303823
41.94,-2.5,19.0011700864202,-4.02439638745005,3.031991426553,0.775042963674255,-4.76700768212715,0.695627199043153,18.9781799346691,3.01005968079267
41.96,-2.5,18.9091500934879,-5.05916288550914,3.00848531125006,0.0894043885523943,-4.74634653099643,0.735373392578876,18.8830470511047,3.02438275748709
41.98,-2.5,18.7988035709998,-6.3310160718097,3.0355676020951,1.30087357030394,-4.72212517806905,0.76380131588239,18.7883608957048,3.039389465213
42,-2.5,18.6559094506156,-5.1696084383237,3.06052025406222,0.154651569349351,-4.69471764840451,0.781024458968332,18.694181418015,3.05486138667568
42.02,-2.5,18.5920192334668,-3.62617196181336,3.04175366486907,0.455877982209685,-4.66511315107743,0.787831393889615,18.6005768374882,3.0705697285536
42.04,-2.5,18.510862572143,-4.02267725707608,3.07875537335061,1.48895483890424,-4.63407376460246,0.784879761051836,18.5075924898307,3.08630459807748
42.06,-2.5,18.4311121431838,-4.56199792758367,3.10131185842524,1.10895578288552,-4.60171856342504,0.772312325179267,18.4152356320363,3.10188937002445
42.08,-2.5,18.3283826550397,-4.61017049496322,3.12311360466603,0.403489720281014,-4.56873127912158,0.750890388423043,18.3235208153147,3.11714401292362
42.1,-2.5,18.2467053233853,-4.24427848092499,3.11745144723648,0.103654400012487,-4.53631008188352,0.721943302921723,18.2324684302984,3.13188725760224
42.12,-2.5,18.1586115158027,-5.28738908714574,3.12725978066653,1.07113665086377,-4.50483252651969,0.686114150240302,18.1420588469765,3.14597875715959
42.14,-2.4459320345287,18.0352097598994,-4.47819006082852,3.16029691327103,1.22172957707875,-4.4649127089177,0.634747889120121,18.0522927499762,3.15926524636659
42.16,-2.12061207693499,17.9794839133695,-3.81805505128208,3.17612896374968,0.0425512211833401,-4.2848551150422,0.442341243307263,17.9643952394412,3.17042932572647
42.18,-1.27572627287747,17.8824875578482,-3.7248507916698,3.16199896211837,-0.592400340124555,-3.71616640719011,-0.126070537501914,17.8834768028541,3.17446292957221
42.2,0.0689687542739694,17.8304898817027,-2.03316667111473,3.15243295014469,-0.934557990347673,-2.51192843969719,-1.29698158020218,17.8200786670366,3.16127682819843
42.22,1.38117809594045,17.8011608910036,-0.746593181499122,3.12461664250446,-2.57470299743812,-0.794654246370835,-2.92788344314735,17.7865872204039,3.11935523433365
42.24,2.16627718031464,17.8006261544428,0.629419615907523,3.04944483024717,-4.21603106719731,0.849903686913375,-4.41951950151504,17.7877812143141,3.04512011939801
42.26,2.45411712852605,17.8263376756399,1.45620067330032,2.95597539981657,-5.79874076734421,1.88533382120428,-5.23572753219411,17.8163022872249,2.94729246988814
42.28,2.5,17.8588741813748,2.10223325320884,2.8174951995534,-5.01766351832252,2.29202291661142,-5.3645428536957,17.8588833301414,2.84037987062529
42.3,2.5,17.9104270057682,2.06615518725854,2.75526885908367,-4.91043520093326,2.35378513773962,-5.0924905611594,17.9057066704194,2.73535648301802
42.32,2.5,17.9415203888651,2.31222396195419,2.62107779151607,-4.80887167968383,2.30760868126618,-4.65197059855665,17.9523932865471,2.63773825177795
42.34,2.48918640690574,18.0029159642464,2.26971287111901,2.56291399189631,-4.24718961499581,2.25461487448887,-4.14364400201627,17.9979972263203,2.54970308737916
42.36,2.424122415387,18.0323089037099,2.68820906658087,2.45119020691624,-3.92493228020508,2.21489455754122,-3.59409586682455,18.0426723973813,2.47226122996161
42.38,2.25514525457549,18.1104443269096,2.35829752522738,2.40591670068811,-2.74845034577803,2.17241291716261,-3.00074941634678,18.0865785952621,2.4062288280964
42.4,1.98620624914521,18.126640804719,2.23903881567509,2.34125219308512,-2.92408821654548,2.09753000113547,-2.35248165314572,18.1293288248543,2.35260948113492
42.42,1.72376438081191,18.2000058795366,1.68450781530813,2.28895317202629,-1.8311870802588,1.9907471691451,-1.66006062983555,18.1702217400488,2.31243459666017
42.44,1.56674456393707,18.1940211173313,-0.0687798240887716,2.26800470987476,0.0655459653478796,1.87566045417646,-0.948792349489916,18.2088987224627,2.28632479393223
42.46,1.50917657429479,18.1972546865731,1.95007249540797,2.2915750106402,0.705719208012645,1.77392952271017,-0.240673143897162,18.2453814560291,2.27445064118344
42.48,1.5,18.2720240171476,3.25862396090599,2.29623347819527,0.424406969767532,1.69938976691224,0.448555637243823,18.2801026068103,2.27654780048955
42.5,1.5,18.3275996450093,1.94136929006152,2.30855128943091,0.500390865126954,1.64286096631466,1.11668265573202,18.3135329020076,2.29221822187414
42.52,1.5,18.3496787887501,1.09799115008045,2.31624911280035,0.850740136180161,1.59345672137004,1.76280249924725,18.3458728887883,2.32106259792315
42.54,1.5,18.3715192910125,1.58965866661305,2.34258089487811,1.45191385116595,1.54345055604693,2.38421259772287,18.3772152200048,2.36259746629825
42.56,1.5,18.4132651354146,1.46921678588141,2.37432566684699,3.17235114922239,1.48856225466055,2.97612408881121,18.4075542972657,2.41624417592461
42.58,1.5,18.4302879624478,0.979676840793431,2.46947494084701,4.27226261593667,1.43028969858282,3.52952195941594,18.4367639595014,2.48135509824099
42.6,1.5,18.4524522090464,0.552874110245227,2.54521617148445,4.59145543274242,1.37701259720456,4.02916615419321,18.4647900683059,2.5570760869603
42.62,1.5,18.4524029268576,1.60253432210089,2.6531331581567,4.83374547480688,1.34581584666574,4.45107285230443,18.4919464071427,2.64204889604566
42.64,1.5,18.5165535819304,1.50763845319872,2.73856599047673,4.85314231686339,1.36263913863026,4.76234850433289,18.5189298270336,2.7343945949817
42.66,1.5,18.5127084649856,2.17881806947942,2.84725885083124,5.48479661826121,1.45954736788204,4.92344740739556,18.5469803953355,2.83154869756856
42.68,1.5,18.6037063047096,2.27250695675734,2.95795785520718,4.40534635160723,1.65512943833414,4.90858084693681,18.5779800026701,2.93014766280089
42.7,1.5,18.6036087432558,0.85286931879951,3.02347270489553,4.00357321872424,1.93285425625378,4.7308653825251,18.613811130056,3.02672947653451
42.72,1.5,18.6378210774615,1.81889732321867,3.11810078395615,4.18803504801041,2.24205516292983,4.44397921054084,18.6555542604758,3.1186069318161
42.74,1.5,18.6763646361846,3.46814417614256,3.19099410681595,4.33332169003875,2.52785307175714,4.110658896889,18.7032835249783,3.20422803293156
42.76,1.5,18.7765468445073,3.08091326228297,3.2914336515577,3.87182575669522,2.75991932127725,3.77076383763109,18.7562405502024,3.28305565664672
42.78,1.5,18.7996011666759,2.24160699139047,3.34586713708375,2.89672972609503,2.9384785085311,3.43251197860864,18.8133205053749,3.35507294506542
42.8,1.5,18.8662111241629,2.85592143780526,3.4073028406015,2.82535669969078,3.07536342296764,3.09123917953811,18.8734827535783,3.42035400112838
42.82,1.5,18.9138380241881,3.43020431820111,3.45888140507139,3.23389532225463,3.17920816201603,2.74422010697972,18.936093236481,3.47870459122029
42.84,1.5,19.0034192968909,3.50777056863816,3.53665865349168,2.97853139755663,3.26054317540398,2.38674437269342,19.0005378844115,3.53001835137397
42.86,1.5,19.0541488469336,3.13777155270056,3.57802266097365,2.08844100043168,3.3263724770271,2.01729117897583,19.0664196286837,3.57408730707742
42.88,1.5,19.1289301589989,3.84588369360284,3.62019629350895,1.29682518811552,3.38084051577098,1.63709264872138,19.133515237268,3.61064003282344
42.9,1.5,19.2079841946778,4.31177018390949,3.62989566849827,0.397240316073921,3.42835326160624,1.24733304407652,19.2016294620544,3.6394866681979
42.92,1.5,19.3014009663553,3.06789642154532,3.63608590615191,1.24098621427107,3.47160874559,0.850825034397611,19.2706593858699,3.66045567418678
42.94,1.50540679654713,19.3307000515396,3.44797055982191,3.67953511706911,1.28366099020377,3.51358589093317,0.450170578441808,19.3404904816069,3.67348562107963
42.96,1.5379387923065,19.4393197887482,3.22070595396209,3.68743234576006,0.425982210820508,3.56438447895982,0.0425986234835998,19.4112257871112,3.67844540088553
42.98,1.62242737271225,19.4595282896981,2.76715264323064,3.69657440550193,0.145984401729327,3.64229234919965,-0.380866835595151,19.4832113072058,3.67511578361651
43,1.7568968754274,19.5500058944774,4.1615088078963,3.69327172182923,-1.96140304228373,3.76837315405431,-0.830547402621412,19.5572049857235,3.66307484598573
43.02,1.88811780959404,19.6259886420139,4.37714658247055,3.61811828381059,-2.15282206984043,3.9402826227224,-1.29678508536165,19.6342721677818,3.64178080206337
43.04,1.96662771803146,19.7250917577762,4.12095783034996,3.60715883903561,-1.1091600385621,4.13635328394723,-1.75496667270646,19.7150415587825,3.61120006385391
43.06,1.9954117128526,19.7908269552279,4.14191120581142,3.5737518822681,-1.57396008057348,4.31772151733712,-2.16741026899907,19.7996361786377,3.57186351483948
43.08,2,19.8907682060087,5.09996147513547,3.54420043581268,-2.18563783609869,4.45141799612922,-2.50281878135872,19.8874804198992,3.52495428910428
43.1,2,19.9948254142333,4.58734228720816,3.48632636882415,-3.20660805965879,4.5258573049274,-2.74982302431784,19.9773637613799,3.47226773462625
43.12,2,20.074261897497,3.69018103164249,3.41593611342632,-3.67995542490295,4.53352094089184,-2.90114640223091,20.0680172531933,3.4156553591416
43.14,2,20.142432655499,4.69112608617559,3.33912815182804,-3.17874361695403,4.4710748070152,-2.95355823067281,20.158148774104,3.35697547401189
43.16,2,20.261906940944,5.09194007110327,3.28878636874816,-2.91196758833999,4.34755895817179,-2.91576418825908,20.2463943937425,3.29817075007565
43.18,2,20.3461102583432,3.54813015593933,3.22264944829444,-2.06821661799602,4.17925093637026,-2.80341666023769,20.3317523079169,3.24084242482952
43.2,2,20.4038321471816,3.31525922604161,3.20605770402832,-1.55896765033101,3.99211340563244,-2.64133902854262,20.413460139641,3.18634672680402
43.22,2,20.4787206273848,4.27823507196079,3.1602907422812,-2.50910960167315,3.80373095750363,-2.44701597412106,20.4914003270765,3.13542923900764
43.24,2,20.5749615500601,3.48551945086957,3.1056933199614,-2.58421685712888,3.62756751164084,-2.23438171263388,20.5657156012882,3.08856596808556
43.26,2,20.6181414054196,2.96678929640164,3.05692206799604,-2.86100881842215,3.47275585633142,-2.01361247100914,20.6366931916491,3.04606484836582
43.28,2,20.6936331219161,4.55866670968197,2.99125296722451,-1.99609432339535,3.34127791260569,-1.78865475739548,20.7047928220182,3.00803900630077
43.3,2,20.8004880738069,3.2981802102455,2.97707829506023,-1.03284952577853,3.23234512747513,-1.56123178365661,20.7704820944489,2.97454686618064
43.32,2,20.8255603303259,1.92654172567011,2.94993898619337,-0.808533890278362,3.14625314048974,-1.33441430637543,20.8342176931248,2.94560539671561
43.34,1.95674562762296,20.8775497428337,3.02581776465027,2.94473693944909,-1.11698384679201,3.07183484066553,-1.10075798180818,20.8964396247589,2.9211880076222
43.36,1.69648966154799,20.9465930409119,3.48609488711897,2.90525963232169,-1.53845971012344,2.91367777540996,-0.773834633348476,20.9565120743027,2.90221480718992
43.38,1.02058101830197,21.0169935383184,1.76341106899329,2.88319855104415,-0.43032475910153,2.49473710421493,-0.192309095579687,21.0112531060668,2.89192786905366
43.4,-0.0551750034191755,21.0171294836717,0.409818871652501,2.88804664195763,0.368338927579559,1.62248266949347,0.816745026783812,21.0532308801618,2.89742072770727
43.42,-1.10494247675236,21.0333862931845,1.16845201147164,2.89793210814734,2.95324314647371,0.310152031997508,2.22640997988375,21.0731415410734,2.92734307524607
43.44,-1.73302174425171,21.0638675641305,0.157754979793623,3.00617636781657,4.49148035745693,-1.1195527425177,3.7083703616342,21.0648330263895,2.98698308786247
43.46,-1.96329370282084,21.0396964923763,-1.99068277899022,3.07759132244561,3.76973393746693,-2.2356143041913,4.82464742621679,21.0304882702064,3.0732019210927
43.48,-2,20.9842402529709,-3.24131808577119,3.15696572531525,5.27821157536474,-2.78345673635363,5.3138831087482,20.979393626531,3.17560307462008
43.5,-2,20.9100437689454,-2.9948746562698,3.2887197854602,5.95539885665843,-2.82731725126178,5.23805857594685,20.9225879862058,3.2819156693567
43.52,-2,20.8644452667201,-2.89674006751861,3.39518167958159,4.99204935944211,-2.64721232080828,4.87230415147157,20.8676805567759,3.38329593108571
43.54,-2.00540679654713,20.7941741662447,-1.99607067989716,3.48840175983789,3.27985028043739,-2.42343675231982,4.39731356038164,20.8169696967552,3.47610110712071
43.56,-2.0379387923065,20.7846024395243,-1.35499387036964,3.52637569079909,4.04547142137861,-2.24288565483019,3.90071491746164,20.7704140163302,3.55907965810477
43.58,-2.12242737271225,20.7399744114299,-2.43773195069146,3.65022061669303,4.39805625554449,-2.13915357879177,3.41897468350363,20.7267300525914,3.63223507099187
43.6,-2.2568968754274,20.6870931614966,-2.65998998867722,3.70229794102086,2.32491726269893,-2.1227561225109,2.96605263221525,20.6842158262222,3.6960576163201
43.62,-2.38811780959404,20.6335748118828,-2.59266065420967,3.74321730720099,2.66683086331977,-2.18191947454773,2.53684404581584,20.6412886111755,3.75105459872983
43.64,-2.46662771803146,20.5833867353282,-1.5292804773984,3.80897117555366,1.88548792810155,-2.28255631890774,2.1100806593364,20.5967016694422,3.79752892509056
43.66,-2.4954117128526,20.5724035927869,-1.33730540718098,3.81863682432505,1.24117955652081,-2.39386674639308,1.66841436420128,20.5499310335048,3.83535110962474
43.68,-2.5,20.529894519041,-2.47572344248814,3.85861835781449,1.70526073137995,-2.5050723043599,1.21097446942732,20.5009473405582,3.86416114589404
43.7,-2.5,20.4733746550874,-2.40468395135602,3.88684725358025,0.852976828878727,-2.61210913045986,0.741896618301579,20.4497753027455,3.88369795371101
43.72,-2.5,20.4337071609867,-3.10620488839035,3.89273743096964,-0.00274804421430686,-2.71628098292878,0.269161312397409,20.396493269627,3.8938045108876
43.74,-2.4459320345287,20.3491264595517,-3.49388604864833,3.88673733181168,-0.192220411536714,-2.81213413730174,-0.204274093912392,20.3411616544591,3.89447294926573
43.76,-2.12061207693499,20.2939517190408,-3.45293031594229,3.88504861450817,-0.583934550301501,-2.84047314307587,-0.714657614323508,20.2844366927182,3.88540217016688
43.78,-1.27572627287747,20.2110092469141,-2.80690952435565,3.86337994979962,-1.88476497352003,-2.65482534329136,-1.36540355959524,20.2289615764692,3.86496014631464
43.8,0.0689687542739698,20.1816753380666,-1.1290717180426,3.80965801556737,-1.79767424858666,-2.05724113834175,-2.30960716265315,20.1810018733907,3.82882515727271
43.82,1.38117809594045,20.1658463781924,-1.29836486007795,3.79147297985615,-3.05352439068227,-0.940435640523855,-3.64728988252179,20.1501838033239,3.76991082216197
43.84,2.16627718031463,20.1297407436635,0.424206872575095,3.68751703994008,-4.8735216127692,0.60728444962615,-5.32460129687091,20.1462723769518,3.68065147475929
43.86,2.45411712852605,20.1828146530954,3.38837487145192,3.59653211534538,-7.41589095435907,2.37839571972187,-7.16046290407914,20.1759863375279,3.55584205312607
43.88,2.5,20.2652757385215,4.47592927293972,3.39088140176571,-9.42199679207234,4.01620072538469,-8.80333921948025,20.2408107563373,3.39523754162215
43.9,2.5,20.3618518240129,4.23805895555116,3.21965224366249,-9.39414799583157,4.79410191550704,-9.53824961082209,20.3307898549621,3.20986934838253
43.92,2.5,20.4347980967436,2.79401123754868,3.01511548193245,-9.61658849485912,4.36221779252864,-9.01525001121223,20.4239350843748,3.02265188023418
43.94,2.4459320345287,20.4736122735149,2.63163310443204,2.83498870386813,-7.9520665585628,3.48120462062631,-7.96902576453986,20.5024303588185,2.85260085402693
43.96,2.12061207693499,20.5400634209209,3.29487672769737,2.69703281958994,-6.15109313241167,2.68089082843335,-6.91118526521976,20.5638672329589,2.70383383457286
43.98,1.27572627287747,20.6054073426228,2.62084457182477,2.58894497857166,-5.59929422514618,1.91852173417113,-5.8187085689577,20.6099441492396,2.57637026759777
44,-0.0689687542739695,20.6448972037939,1.48563707876646,2.47306105058409,-5.18385235607849,1.04162025285759,-4.59033420332442,20.6398086738588,2.47202851801418
44.02,-1.38117809594045,20.6648328257734,0.0893759409524186,2.38159088432852,-2.8042714259279,0.038174747623275,-3.25354194758711,20.65071456801,2.39351037073045
44.04,-2.16627718031463,20.6484722414319,-0.879017106197821,2.36089019354698,-1.49788507141837,-0.969952055412988,-1.92642766718599,20.6413002362503,2.34181651631128
44.06,-2.45411712852605,20.6296721415255,-2.10060244294734,2.32167548147178,-1.64417879207558,-1.85772372573568,-0.707766311099181,20.6127896037913,2.31567505544822
44.08,-2.5,20.5644481437141,-2.94314951275423,2.29512304186395,0.145998271457537,-2.59832426194703,0.381137263217411,20.5680138716029,2.31261053864129
44.1,-2.5,20.5119461610154,-3.29323530732974,2.32751541233009,1.39316455118449,-3.22612930364734,1.35900561207387,20.5096120855432,2.33018225451608
44.12,-2.5,20.4327187314209,-2.48651329953189,2.35084962391133,2.05473073502681,-3.79401586304834,2.25409409740478,20.4393954210455,2.36637368973802
44.14,-2.5,20.4124856290341,-5.01045550700763,2.40970464173116,3.50810431565544,-4.33101266585659,3.07677449868758,20.3580849473046,2.41981069526484
44.16,-2.5,20.2323005111406,-6.22561676569928,2.49117379653755,3.50689240928805,-4.84869865774099,3.82616457936401,20.2662180765904,2.48902277638735
44.18,-2.5,20.1634609584061,-4.80150903334859,2.54998033810268,4.25154750353305,-5.34021364074099,4.48937882221163,20.1641997774154,2.57241617899653
44.2,-2.5,20.0402401498066,-5.77230828517488,2.66123569667887,5.78169613180676,-5.76138652738674,5.02679465368637,20.052802537149,2.66804421210087
44.22,-2.5,19.9325686269991,-6.10639649541502,2.78124818337495,5.16570381314007,-6.0370703219411,5.37799679388907,19.9345225675365,2.7724520359391
44.24,-2.5,19.79598428999,-6.47441319540762,2.86786384920447,4.99406789855543,-6.09526894437041,5.48358687467536,19.8129750459496,2.88132290708667
44.26,-2.5,19.6735920991828,-5.05901986972672,2.98101089931717,5.14953307020756,-5.87682750745726,5.29347639503349,19.6928666768476,2.98950580001205
44.28,-2.5,19.5936234952009,-5.25446409095727,3.07384517201278,4.40751398233814,-5.44744313453661,4.87081876796776,19.5794037130958,3.09141447070045
44.3,-2.5,19.4634135355445,-5.14579941597608,3.15731145861069,5.46646600466732,-4.95723087019775,4.35460065424631,19.4753613869844,3.18372714164456
44.32,-2.5,19.3877915185619,-4.21086471809415,3.29250381219947,5.15204531942389,-4.51869125470279,3.8480209924616,19.3807328492237,3.26569698519642
44.34,-2.5,19.2949789468208,-4.58773993456569,3.36339327138765,3.26068229571749,-4.16915564607427,3.38468264026251,19.2939785702495,3.33797159259491
44.36,-2.5,19.2042819211793,-3.8590041044019,3.42293110402817,2.14921900965679,-3.90575103641991,2.96203644737563,19.2133200953248,3.40141275015512
44.38,-2.5,19.1406187826447,-2.97199500160232,3.44936203177392,2.10810466153453,-3.71550815462736,2.56973692269104,19.1372736843405,3.45664469429182
44.4,-2.5,19.0854021211152,-4.00173205583627,3.50725529048955,2.63187528717574,-3.57889961003726,2.19370352126962,19.0643948723873,3.50426784260698
44.42,-2.5,18.9805495004112,-4.04787157335962,3.55463704326095,1.53053015111995,-3.48621930662459,1.82898701587885,18.9938055961552,3.54448132836155
44.44,-2.5,18.9234872581808,-2.8841911463986,3.56847649653435,1.39855406858181,-3.42816377803938,1.4718866776892,18.9247343485233,3.57746405872092
44.46,-2.5,18.8651818545553,-2.93759726916027,3.61057920600422,1.97417406967683,-3.39645329806676,1.12024515628046,18.8565127315225,3.60338648951608
44.48,-2.5,18.8059833674144,-4.42583576086646,3.64744345932142,0.833792824281709,-3.38635791781003,0.774863440433993,18.7887119750858,3.62232941568066
44.5,-2.5,18.6881484241206,-3.37390108382856,3.64393091897549,-0.313340130231932,-3.39347824269891,0.436998967087499,18.7209548702744,3.63442316792727
44.52,-2.5,18.6710273240612,-2.6817207018679,3.63490985411214,-0.630300495559499,-3.41402979366628,0.108468593260061,18.6529286606533,3.6398375903257
44.54,-2.48377961035861,18.5808795960459,-4.55788500819656,3.61871889915311,0.32998630007357,-3.44302115193935,-0.210055728072536,18.5843721425855,3.63880455891006
44.56,-2.3861836230805,18.4887119237334,-3.27363981983675,3.64810930611509,0.168094637884697,-3.45297815748967,-0.537509932511056,18.5153074603714,3.63140037689569
44.58,-2.13271788186324,18.4499340032524,-2.73602406189379,3.6254426846685,-1.40997412848578,-3.38692118278458,-0.919828712243174,18.446690106657,3.6169967849686
44.6,-1.72930937371781,18.3792709612576,-2.86457915685547,3.59171034097566,-1.09058717459179,-3.17314712607821,-1.41850045792759,18.3808326472556,3.59382072693264
44.62,-1.33564657121787,18.3353508369782,-2.21379230735286,3.58181919768483,-2.32803019032618,-2.79806855113668,-2.04548385295947,18.3209218064567,3.55932669076858
44.64,-1.10011684590561,18.2907192689635,-2.62736829646713,3.49858913336261,-3.03487939126826,-2.34365456370055,-2.72542693078697,18.269463044458,3.51161862273962
44.66,-1.01376486144219,18.2302561051195,-2.44819199937067,3.4604240220341,-3.18257123796348,-1.93144797043247,-3.33851481689638,18.2268744441293,3.45076995406172
44.68,-1,18.1927915889887,-1.31799700534616,3.37128628384407,-3.81180495589821,-1.64384538529194,-3.79263679430412,18.1913516802521,3.37915819775626
44.7,-1,18.1775362249057,-1.85022627180809,3.30795182379817,-4.97882162738074,-1.51747741095545,-4.0374349320898,18.1599893559973,3.30051279515958
44.72,-1,18.1187825381164,-2.13843945010774,3.17213341874884,-4.44335798754203,-1.53900960950291,-4.07510579811099,18.1296548847433,3.2190546527921
44.74,-1,18.0919986469014,-1.40162031514635,3.13021750429649,-3.40931653989087,-1.66147421881523,-3.94822283031159,18.0977474055485,3.13861617451232
44.76,-1,18.0627177255105,-1.59723050204148,3.0357607571532,-3.99322500852947,-1.83104949197011,-3.71257903895054,18.0628819041459,3.06185121983129
44.78,-1,18.0281094268197,-2.10790306452369,2.97048850395531,-3.60830142848108,-2.00157802674406,-3.41947473154728,18.0245322360324,2.99046494364274
44.8,-1,17.9784016029296,-1.87946658444247,2.89142870001396,-3.12540299228772,-2.15240918680179,-3.09605716915617,17.9829543630935,2.92527008244637
44.82,-1,17.952930763442,-1.20825028192675,2.8454723842638,-3.36216412924815,-2.2777482253717,-2.75456424628716,17.9386293202388,2.86672081016174
44.84,-1,17.9300715916525,-2.96251490232953,2.75694213484404,-2.28861102891591,-2.37875024449521,-2.39996579825975,17.8920293326415,2.81515323148504
44.86,-1,17.8344301673488,-3.52124388487374,2.75392794310716,-1.36901958113256,-2.45942677545548,-2.03428667856644,17.8435971428272,2.77081292327033
44.88,-1,17.7892218362575,-2.36725428569855,2.70218135159873,-1.3137590925611,-2.52529280250527,-1.65801944566553,17.7937396782639,2.73386251268535
44.9,-1,17.7397399959209,-2.05471226823848,2.70137757940472,-0.123437528627335,-2.57946139122939,-1.27384910392237,17.7426794499479,2.70452870746135
44.92,-1,17.707033345528,-2.88517067018326,2.69724385045364,-1.34023461289834,-2.6251649777851,-0.884386464201934,17.6906086026364,2.6829529724192
44.94,-0.978372813811478,17.6243331691136,-3.3016672164667,2.64776819488879,-1.27956874669228,-2.66325185256679,-0.494293824638586,17.637722501643,2.6691602108308
44.96,-0.848244830773996,17.5749666568693,-1.96447283005297,2.64606110058595,0.879722681687067,-2.6595293965574,-0.137418566744089,17.5843913093654,2.66292505563259
44.98,-0.510290509150986,17.5457542559115,-2.26294946093963,2.68295710215627,1.07585022883118,-2.54459052539125,0.125278732759967,17.5320637751869,2.66304869413968
45,0.0275875017095877,17.4844486784318,-1.9166434710491,2.6890951097392,-0.579066055769872,-2.2363446764327,0.225446563958631,17.483866656342,2.66688307833704
45.02,0.552471238376179,17.4690885170695,-1.69333478003475,2.65979445992547,-1.17596622555612,-1.73186833228655,0.164817974062458,17.4439394856293,2.67098056903776
45.04,0.866510872125854,17.4167152872304,-1.97747850792105,2.64205646071695,0.0191143983527486,-1.156919675798,0.0531451556170567,17.4150719074869,2.67312724004107
45.06,0.981646851410418,17.3899893767526,-0.963178002990617,2.66055903585958,0.349811162627855,-0.649573998764404,0.00694791538333833,17.3971868895847,2.67356441164581
45.08,1,17.3781881671107,-0.0483025323109842,2.65604890722207,-0.699237631162108,-0.263584210772378,0.0681692830859355,17.3882608972739,2.6741372948397
45.1,1,17.3880572754602,-0.726450513039456,2.6325895306131,0.565114765308716,0.0114009164405648,0.22332412579459,17.3858921061046,2.67692681864522
45.12,1,17.3491301465892,0.277719021465472,2.67865349783441,1.18202135981096,0.210256281502444,0.438053973911178,17.388208727653,2.68346755133458
45.14,1,17.3991660363188,1.66698552761568,2.67987038500554,0.643570672892779,0.358335368636138,0.686276359105916,17.3939671641052,2.69466956470758
45.16,1,17.4158095676938,0.271240270087425,2.70439632475013,1.78651715863153,0.473342642563566,0.948527828380907,17.4023258553705,2.71100904130313
45.18,1,17.4100156471223,0.572138483174012,2.7513310713508,1.04978111165464,0.567740754959927,1.20978170688772,17.4127633830534,2.73260415513343
45.2,1,17.4386951070207,0.880116963125932,2.74638756921631,0.695608239282608,0.65112718968831,1.45753849918037,17.4249566062004,2.75931520630506
45.22,1,17.4452203256474,0.643590711847608,2.7791554009221,2.11903533815517,0.730669009905285,1.68146647794878,17.4387833977126,2.79074624488548
45.24,1,17.4644387354947,0.673663632788291,2.83114898274252,1.78597576187248,0.813060338722458,1.87195574326275,17.4542036281765,2.82635101043678
45.26,1,17.4721668709589,1.2877623520029,2.850594431397,1.91372251176839,0.902582128707439,2.02189258780501,17.4713428759965,2.86536405018277
45.28,1,17.5159492295748,1.21040213764809,2.90769788321325,2.36332272763471,1.00198282521918,2.12624035096259,17.4903814999429,2.90691392108476
45.3,1,17.5205829564648,0.562234521451366,2.94512734050239,2.15455641393805,1.11265176209332,2.18207995535744,17.5115303497315,2.95006056530148
45.32,1,17.5384386104328,1.04680772869736,2.99388013977077,2.94125131025615,1.22993022611741,2.19314454757944,17.5349359698155,2.99389565255311
45.34,1.01622038964139,17.5624552656127,1.70047847617445,3.06277739291264,2.43163545003087,1.35889910576738,2.15491549063975,17.5607842816896,3.03747574319108
45.36,1.1138163769195,17.6064577494798,2.21660741785792,3.09114555777201,1.54533685213367,1.52525270612097,2.04422443751553,17.589586620702,3.07956857368371
45.38,1.36728211813676,17.651119562327,1.43941416036997,3.12459086699798,1.52716205074169,1.81389863222984,1.78288030400577,17.6227502977172,3.11810674996253
45.4,1.77069062628219,17.6640343158946,0.556120863761134,3.15223203980168,0.287235127705443,2.27982584587284,1.32504107842715,17.6632588195778,3.14963118899468
45.42,2.16435342878214,17.6733643968775,2.93442417064833,3.1360802721062,0.762634563627385,2.88454460798529,0.718656299249132,17.7147951967372,3.17018611524109
45.44,2.39988315409439,17.7814112827205,4.42122991451983,3.18273742234677,1.22100632171579,3.47369525734609,0.124191697111033,17.7785331735461,3.17846114442578
45.46,2.48623513855781,17.8502135934583,4.20413868195153,3.18492052497483,0.20487030165548,3.91479940764258,-0.32279104651407,17.85271429669,3.17617783163466
45.48,2.5,17.9495768299986,4.34930728318745,3.19093223441299,-1.03040701866607,4.18490820267262,-0.596594473548428,17.9339483770607,3.16673954536443
45.5,2.5,18.0241858847858,4.09939694016073,3.14370424422819,-2.29048040925932,4.32369193755128,-0.734519804546359,18.019230508464,3.15322425986288
45.52,2.5,18.113552707605,4.35212673178551,3.09931301804262,-0.507225312417903,4.38633932968777,-0.78947300208065,18.1064217840336,3.13788073363422
45.54,2.5,18.1982709540572,4.14341570683385,3.12341523173147,-0.123492651528889,4.40524426655655,-0.792920978865956,18.1943934176789,3.12198773571855
45.56,2.5,18.2792893358784,5.29737390796061,3.09437331198146,-1.11634300611225,4.40052739838033,-0.764590123471646,18.2824781105551,3.10637193297161
45.58,2.5,18.4101659103756,4.90326476948244,3.07876151148698,-1.04282677628929,4.38373613674128,-0.716098406731268,18.3703342463397,3.09153827296445
45.6,2.5,18.4754199266577,2.91521938894057,3.05266024092989,-0.762577834521305,4.36183176672388,-0.654755861732953,18.4577937448304,3.07781336614332
45.62,2.5,18.5267746859332,3.72119991011139,3.04825839810613,0.437108641755779,4.3387265169644,-0.585050183748909,18.5448012740414,3.06540216893759
45.64,2.5,18.6242679230621,5.17880297264632,3.07014458660012,-0.307371810470081,4.31693282944955,-0.510194878570692,18.6313518421823,3.05444533974331
45.66,2.5,18.7339268048391,3.904391797239,3.03596352568733,-0.501799743855913,4.2974448450972,-0.43204206987381,18.717493992588,3.0450163331098
45.68,2.5,18.7804435949517,4.42541716790492,3.05007259684589,-0.149304609797818,4.28142505720214,-0.352619794634321,18.8032696932599,3.03717519833178
45.7,2.5,18.9109434915553,4.98440583433348,3.02999134129542,-0.737990468652328,4.26891561731034,-0.27294435348729,18.8887603745271,3.03092634698386
45.72,2.5,18.979819828325,3.60640829007499,3.02055297809979,-0.413836144233015,4.25853687171775,-0.192683005542913,18.9740422995705,3.02625963467687
45.74,2.4459320345287,19.0551998231583,4.10298977912742,3.0134378955261,-0.227016802160329,4.24089883267702,-0.10382202375273,19.059100052786,3.02323216088281
45.76,2.12061207693499,19.1439394194901,4.42773566422492,3.01147230601338,0.380178809313825,4.09257686271409,0.110548554144707,19.1428245363045,3.02292698058951
45.78,1.27572627287747,19.2323092497273,4.22952366944713,3.02864504789865,0.628744758045552,3.563418952035,0.687515135703136,19.2202797796624,3.03005747805928
45.8,-0.0689687542739694,19.313120366268,2.28778615014908,3.0366220963352,2.45183962536792,2.39504153106355,1.86692693743641,19.2809975697186,3.05454434022859
45.82,-1.38117809594045,19.3238206957332,-0.613851017880496,3.12671863291337,3.70562476681233,0.67790946015018,3.53967890692917,19.3122786419379,3.10816631038067
45.84,-2.16627718031464,19.2885663255528,-1.13485246574481,3.1848470870077,4.15743726539723,-0.996206767800516,5.0985132453915,19.3084202462814,3.19535142270563
45.86,-2.45411712852605,19.2784265971035,-1.31203011678016,3.29301612352925,6.01636282600482,-2.02165621583841,5.93328828748774,19.2769447845507,3.30708837789431
45.88,-2.5,19.2360851208816,-2.53358212616712,3.42550160004789,6.76550618967093,-2.35800983773991,6.01016342365473,19.2323128806126,3.42748425129978
45.9,-2.5,19.1770833120568,-1.87026954967724,3.56363637111609,5.65319554054635,-2.33856534075267,5.66653289395992,19.1849637050916,3.54472937101333
45.92,-2.5,19.1612743388945,-2.23969756398903,3.65162942166974,4.80273937658472,-2.22963078722529,5.16335799856197,19.1392512102151,3.65317598776963
45.94,-2.5,19.0874954094972,-2.67593406926334,3.75574594617948,4.39017456917573,-2.13710931673339,4.60630444738562,19.0956461448783,3.75092457675284
45.96,-2.5,19.054236976124,-0.924578601978432,3.82723640443677,3.80130825186081,-2.08940805072003,4.0277673595359,19.0534605237177,3.83729115493709
45.98,-2.5,19.0505122654181,-1.21801177329406,3.90779827625391,3.92536973111658,-2.08902790725875,3.43738321301179,19.0117513724836,3.91195846227577
46,-2.5,19.0055165051922,-3.67235995530937,3.98425119368143,2.60252564273791,-2.12960639172021,2.83802695951656,18.9695957920966,3.97474116529378
46.02,-2.5,18.9036178672057,-2.06407192661215,4.01189930196343,1.91165061661265,-2.20256680004268,2.2314829910447,18.9262845028116,4.02546143620409
46.04,-2.5,18.9229536281277,-1.837073517944,4.06071721834594,1.25407338690464,-2.29923605724153,1.6199369509869,18.8813029527155,4.06397689102107
46.06,-2.5,18.8301349264879,-3.81903007422224,4.06206223743962,0.782791301652153,-2.41105092775793,1.00623211876622,18.8342579372829,4.09022244937518
46.08,-2.5,18.7701924251588,-1.91855022007896,4.09202887041203,0.374296086325865,-2.5295656000338,0.39385958568863,18.7848778145045,4.10421065893806
46.1,-2.5,18.7533929176848,-2.45456084975855,4.07703408089265,0.439839858881275,-2.64732566870743,-0.21346710161831,18.7330724632853,4.10602506075881
46.12,-2.5,18.6720099911685,-2.53232449369545,4.10962246476728,-0.478433701829606,-2.75890355832164,-0.811230639379024,18.6789767315544,4.09577808213037
46.14,-2.5,18.652099937937,-3.00757406616547,4.05789673281947,-1.64901973633422,-2.86035135652262,-1.39432508395537,18.6227768441781,4.07369028608148
46.16,-2.5,18.5517070285219,-4.12737574346957,4.04366167531391,-0.938833463034672,-2.94920511098415,-1.95734922035623,18.5646847446364,4.04011300556279
46.18,-2.5,18.4870049081982,-2.70102678088096,4.02034339429808,-2.93708230329419,-3.02448482940773,-2.49460656223814,18.504938095024,3.99552834344689
46.2,-2.5,18.4436659572866,-3.00093963960633,3.92617838318214,-3.41594336931776,-3.08791605550298,-2.99903011607825,18.4438221876696,3.94051704322761
46.22,-2.5,18.3669673226139,-2.75137843918172,3.88370565952537,-3.26117497868403,-3.14404926664956,-3.46161892185802,18.3815591603975,3.8757883711743
46.24,-2.5,18.3336108197194,-2.30753984832894,3.79573138403478,-4.08792253209894,-3.19922983192307,-3.87167209858023,18.318180044955,3.8023172220926
46.26,-2.5,18.2746657286808,-3.27285467529421,3.72018875824141,-3.79459715925967,-3.26304727674414,-4.21545238137182,18.253557814173,3.72133450373531
46.28,-2.5,18.2026966327076,-4.18396990800707,3.64394749766439,-3.95724572447976,-3.3483405463504,-4.47618158354449,18.1874075267055,3.63432702099782
46.3,-2.5,18.1073069323605,-4.1047144513211,3.56189892926222,-5.18656753586811,-3.47056713277477,-4.634639530863,18.119265373805,3.54305336182043
46.32,-2.5,18.0385080546547,-3.67314270097507,3.43648479622967,-5.17517680353918,-3.63688306828338,-4.68004732281712,18.0482610974743,3.44971944750766
46.34,-2.45674562762296,17.9603812243215,-4.01805140689895,3.35489185712065,-4.76280270593495,-3.83217371879442,-4.62586227143977,17.9735839320147,3.35652857946065
46.36,-2.19648966154799,17.8777859983788,-3.10101249739256,3.24597268799227,-4.41465999748545,-3.93002677250111,-4.59670381680219,17.8956163583165,3.26452616676499
46.38,-1.52058101830197,17.8363407244258,-3.56205410636985,3.17830545722124,-4.48207756154809,-3.68979993087354,-4.8303824167584,17.8186296162427,3.17092184033102
46.4,-0.444824996580825,17.735303834124,-3.0749175353689,3.06668958553035,-5.47809185160366,-2.92377524798993,-5.49921373300475,17.7517636583004,3.06818913434974
46.42,0.604942476752359,17.713344023011,-1.65373568988469,2.95918178315709,-6.92470046252933,-1.85932945412293,-6.3498837583013,17.7037807212941,2.94962304760427
46.44,1.23302174425171,17.6691544065286,-0.932936231582104,2.78970156702917,-6.43877641990241,-1.01889488158634,-6.85035879147495,17.6756623215999,2.81675799408913
46.46,1.46329370282084,17.6760265737477,-0.119296900130372,2.70163072636099,-6.06052354671506,-0.593985306365859,-6.82819905102553,17.660120447662,2.67922074498675
46.48,1.5,17.6643825305234,-1.22242250724236,2.54728062516057,-7.03794916988944,-0.438316570370365,-6.452363743226,17.6500947255195,2.54598892568985
46.5,1.5,17.627129673458,-0.517405831320428,2.42011275956541,-5.66723307999698,-0.383778807920604,-5.89937756181691,17.6419526968412,2.42227259997897
46.52,1.5,17.6436862972706,0.26903049368574,2.32059130196069,-5.98391974537581,-0.335164137017717,-5.26600803614066,17.6347353160743,2.31052584490584
46.54,1.45674562762296,17.6378908932055,-1.09990608200494,2.18075596975038,-5.08557135152461,-0.262622988917202,-4.5877237526083,17.6287237601429,2.21191913267678
46.56,1.19648966154799,17.5996900539904,-0.962381686975888,2.11716844789971,-2.47180308257533,-0.196909796794211,-3.85958306099635,17.6241927354218,2.12734690335716
46.58,0.520581018301972,17.5993956257264,-0.131140448196376,2.08188384644737,-3.20769339804792,-0.214014158209276,-3.0599250046772,17.6203121093435,2.05800906103524
46.6,-0.555175003419175,17.5944444360625,0.403116926695546,1.98886071197779,-2.99610605748061,-0.410049755703898,-2.16856157813209,17.6144220852796,2.0055700685662
46.62,-1.60494247675236,17.6155203027943,0.0968576753143324,1.96203960414814,-1.52191975391881,-0.812150684615053,-1.19890612278395,17.6024944610646,1.97180175022783
46.64,-2.23302174425171,17.5983187430751,-1.97314023196054,1.92798392182104,0.342101938509765,-1.34061166469721,-0.196622525201041,17.5810936704179,1.95782815245313
46.66,-2.46329370282084,17.5365946935158,-2.35723877808436,1.97572368168854,1.76982314825131,-1.89645542763431,0.797357502600211,17.548697623436,1.96387541424733
46.68,-2.5,17.5040291919517,-2.23585581929946,1.99877684775109,1.19189628697398,-2.43507208073215,1.76562456002041,17.5053631385827,1.98954806779959
46.7,-2.5,17.4471604607439,-2.87449986008426,2.02339953316749,3.03121528712503,-2.96006497461518,2.70624888078117,17.4514102639558,2.03430879259489
46.72,-2.5,17.3890491975483,-2.70172710538041,2.12002545923609,4.20140860283011,-3.49987589748128,3.62441501043421,17.3868770082707,2.09763090236711
46.74,-2.5,17.3390913765286,-4.14820374690654,2.1914558772807,3.77669716294173,-4.08388333464383,4.52474695623859,17.3111581853724,2.17911552987922
46.76,-2.5,17.2231210476721,-4.82616728911358,2.27109334575376,5.04450018356146,-4.73208997013676,5.40677092091275,17.2230675301584,2.27849623949894
46.78,-2.5,17.1460446849641,-5.6601452882032,2.39323588462316,7.02018762112913,-5.44386175620385,6.25851519130746,17.1213976470904,2.39524040084078
46.8,-2.5,16.996715236144,-6.62960299381607,2.55190085059893,6.8128251181332,-6.19967347551094,7.05774864483772,17.0050080143333,2.52849830191908
46.82,-2.5,16.8808605652115,-8.06555609770703,2.66574888934849,7.86320568965024,-6.85113730425227,7.686138958679,16.8741873097016,2.67632869765542
46.84,-2.5,16.6740929922357,-6.88922240987129,2.86642907818494,8.75966737314197,-7.14797738459246,7.94159855074927,16.733417802526,2.83341130721128
46.86,-2.5,16.6052916688166,-6.20463422180801,3.01613558427416,6.73445405024162,-6.86638591312399,7.63041348966437,16.5920447605195,2.99030393331683
46.88,-2.5,16.4259076233634,-5.7350331845452,3.1358072401946,6.38658156151982,-6.00961458475591,6.7547932336451,16.4627442817119,3.13471322168288
46.9,-2.5,16.3758903414348,-4.11968723924128,3.27159884673496,5.95984376636547,-5.06641148410943,5.76224133701937,16.3521877744501,3.25976197037158
46.92,-2.5,16.2611201337937,-5.18592819961627,3.37420099084922,5.00139870286086,-4.32999545750378,4.91622935479363,16.258628946376,3.36625329784303
46.94,-2.5,16.1684532134501,-3.71537424637713,3.47165479484939,4.60830186203536,-3.81963345371862,4.22742392400026,16.1773591315308,3.45754798137235
46.96,-2.5,16.1125051639386,-3.84233361335626,3.55853306533063,3.48343625501242,-3.4846934153641,3.64613510308161,16.1046425009848,3.53608819594353
46.98,-2.5,16.0147598689159,-2.97338161729552,3.61099224504989,2.08976887662163,-3.2642362618413,3.12023631814076,16.0373243662544,3.60367573885655
47,-2.5,15.9935698992468,-2.67577538504846,3.6421238203955,2.68444552175188,-3.12618481057135,2.62554078379403,15.9735382317747,3.6610936449426
47.02,-2.5,15.907728853514,-3.35003128628677,3.71837006591996,2.33234538609961,-3.04771447931479,2.14792465480302,15.9118912012932,3.70880300739632
47.04,-2.5,15.8595686477953,-3.15117412181265,3.73541763583948,1.33865240169113,-3.01238769026754,1.67997491805256,15.8513370377266,3.74707688370631
47.06,-2.5,15.7816818886414,-3.36120336160555,3.77191616198761,1.17813309701347,-3.00931374739636,1.21916444317811,15.7911740869049,3.77605228602363
47.08,-2.5,15.7251205133311,-2.89054196761129,3.78254295972002,0.710631291619934,-3.02928387456353,0.764861469348187,15.7308336078644,3.79587350845874
47.1,-2.5,15.666060209937,-3.10697480983295,3.80034141365241,0.838830666458845,-3.06472112735466,0.317689556695016,15.6699682060731,3.80664661547307
47.12,-2.5,15.6008415209378,-2.70566849012108,3.81609618637838,-0.767093639919025,-3.11490666453875,-0.116086966875973,15.6081719522381,3.80865815926991
47.14,-2.48377961035861,15.5578334703322,-3.10538314671533,3.76965766805564,-1.34654507407402,-3.16942882699596,-0.538206419727472,15.5452796709634,3.8021326286579
47.16,-2.3861836230805,15.4766261950692,-4.05333024510814,3.76223438341542,-0.475900039204835,-3.20420640671233,-0.961843761521694,15.4814900358534,3.78714077036374
47.18,-2.13271788186324,15.3957002605278,-2.44582294638218,3.75062166648745,-1.20230607831519,-3.17481605378554,-1.41693487719282,15.4173662069991,3.76359565314072
47.2,-1.72930937371781,15.3787932772139,-2.11841464701248,3.71414214028281,-2.05863188946158,-3.00991205027498,-1.96131967420594,15.3553094009889,3.72995074062097
47.22,-1.33564657121787,15.3109636746473,-3.03162726062776,3.66827639090899,-2.38043297953839,-2.68932687571385,-2.61258332081765,15.2982363427935,3.68423626618975
47.24,-1.10011684590561,15.2575281867888,-2.29106503997021,3.61892482110127,-2.0562791829668,-2.26645041744322,-3.32585163481011,15.2485424523716,3.62492356626909
47.26,-1.01376486144219,15.2193210730485,-1.90672511058718,3.58602522359032,-3.51881693879323,-1.84540696693114,-4.00749151824311,15.2075582127976,3.55140547613106
47.28,-1,15.1812591823653,-1.18798076874183,3.47817214354954,-5.35708969260373,-1.51144293402633,-4.56316044156723,15.1741820017063,3.4654297564153
47.3,-1,15.1718018422988,-1.7016274048697,3.37174163588617,-4.06825737694659,-1.32646859335879,-4.91706760379994,15.1460490551126,3.37027784711948
47.32,-1,15.1131940861705,-2.2509090313338,3.31544184847168,-4.59564344175118,-1.32410139794588,-5.02026915726345,15.1198401559075,3.27048169696101
47.34,-1.00540679654713,15.0817654810455,-0.617154991039959,3.18791589821612,-6.51202396008231,-1.48194691209915,-4.88597589016673,15.0920055842124,3.17106356932585
47.36,-1.0379387923065,15.0885078865289,-0.953615009755548,3.05496089006839,-5.30763034761436,-1.73341948636507,-4.5816222470394,15.059936989994,3.07617957891764
47.38,-1.12242737271225,15.0436208806553,-2.76639939039107,2.97561068431154,-3.56316566401349,-2.02446105396655,-4.16991419077474,15.0224114337465,2.9885086249291
47.4,-1.2568968754274,14.9778519109133,-3.44271514203429,2.91243426350785,-3.24035154981425,-2.32979590957751,-3.68844270228801,14.9788735755968,2.90983827405694
47.42,-1.38811780959405,14.9059122749739,-2.70562835070431,2.84599662231897,-3.51178735531184,-2.62624142502803,-3.17250245787177,14.9292744953137,2.84120432432848
47.44,-1.46662771803146,14.8696267768851,-2.28337450542351,2.77196276929537,-2.9793837966746,-2.87973261687041,-2.6645194546206,14.8741363843495,2.7828597874805
47.46,-1.4954117128526,14.814577294757,-3.29010692088283,2.72682127045199,-2.06296384323571,-3.07137923704769,-2.188593313133,14.8145195512039,2.73438850082433
47.48,-1.5,14.7380225000498,-3.82717652685711,2.68944421556595,-1.23502069886455,-3.20821055708776,-1.74298866577901,14.7516453832475,2.69511488562528
47.5,-1.5,14.6614902336827,-3.28964988250902,2.67742044249741,-0.909361537432762,-3.30768753961005,-1.31599789504231,14.686480922163,2.66450752247389
47.52,-1.5,14.6064365047494,-2.15040471735763,2.65306975406863,-0.914845831157396,-3.3831891269213,-0.900282577060231,14.6195179305367,2.64238136409643
47.54,-1.5,14.5754740449884,-3.25892747489176,2.64082660925111,-0.0230001196005025,-3.44589180744358,-0.490850372480483,14.5511813602907,2.62850761641459
47.56,-1.5,14.4760794057537,-4.66759358088864,2.65214974928461,0.0779612262688412,-3.5019912430966,-0.0873067147455276,14.4816983599138,2.62273357945165
47.58,-1.5,14.3887703017528,-3.47325179544411,2.64394505830187,-0.556107768896918,-3.55406946008267,0.307552529335091,14.4111310225676,2.62495450108889
47.6,-1.5,14.337149333936,-2.82836512531692,2.62990543852874,1.04068813988263,-3.60369029148031,0.690224372677291,14.33954670941,2.63495950858328
47.62,-1.5,14.2756356967401,-3.37797135871272,2.68557258389717,1.25576027252177,-3.65066716458041,1.05594371115195,14.2669920942873,2.65246004058814
47.64,-1.5,14.2020304795875,-4.14026020669334,2.68013584942961,1.41571222164635,-3.69300395889342,1.39865126913629,14.1935365832968,2.67705716981642
47.66,-1.5,14.1100252884724,-4.04390004080293,2.74220107276303,1.31245952196202,-3.72697819357433,1.71121817441144,14.1193236870627,2.70820733435352
47.68,-1.5,14.0402744779554,-3.85226615270677,2.73263423030809,0.921521846491147,-3.74682071778552,1.98522878326486,14.0445645493722,2.74523675791468
47.7,-1.5,13.9559346423641,-3.64189309838783,2.77906194662267,2.18796805736851,-3.74531492356448,2.21143786003214,13.9695881481237,2.78730530458898
47.72,-1.5,13.8945987540198,-2.95551653487953,2.82015295260283,2.26127033323013,-3.71586934340311,2.38165419494104,13.8949275802536,2.83333246381624
47.74,-1.5,13.837713980969,-3.50156038235263,2.86951275995188,3.25760820315585,-3.65317983765804,2.48930696661863,13.8211894558162,2.88213851068539
47.76,-1.5,13.7545363387257,-3.76594604276863,2.95045728072906,3.67577689429097,-3.55550453327943,2.53155308859828,13.7490660918124,2.93243973701979
47.78,-1.5,13.6870761392582,-4.57919904991386,3.01654383572352,2.31022906480983,-3.42606184042732,2.51073530606096,13.6792127683231,2.9829537890139
47.8,-1.5,13.5713683767292,-3.49783874040259,3.04286644332146,1.6173595592197,-3.27342007464808,2.4347647759524,13.6121622009702,3.0325132744446
47.82,-1.5,13.5471625896421,-1.73419108806696,3.0812382180923,3.22836515874488,-3.11235442732802,2.31789746092421,13.5483584183672,3.08004714168156
47.84,-1.5,13.5020007332065,-2.62503015543309,3.17200104967125,2.05407665205739,-2.95129442563002,2.16924023501635,13.4877927970166,3.12490715908459
47.86,-1.5,13.4421613834248,-3.72643051083865,3.1634012841746,0.402730376399452,-2.79627772450051,1.99615122832114,13.4302698877461,3.16665000542948
47.88,-1.5,13.352943512773,-3.52059714126187,3.18811026472723,2.39940794212146,-2.65723102472703,1.80980200363038,13.3757075194439,3.20477735783864
47.9,-1.5,13.3013374977743,-2.23015722336228,3.25937760185946,2.04067308798006,-2.53695383240838,1.615171304513,13.3237799039895,3.23905494564422
47.92,-1.5,13.2637372238385,-1.89049558606054,3.26973718824643,0.795313827285093,-2.43492769960341,1.41445914501638,13.2740952850794,3.26935525195566
47.94,-1.5,13.2257176743319,-1.67966530107861,3.29119015495086,1.07931605456449,-2.35017314145079,1.20964330918734,13.2262822495842,3.29559187046874
47.96,-1.5,13.1965506117953,-2.4058867284654,3.31290983042901,1.53241184111504,-2.28073382125703,1.0019733867574,13.1799734169196,3.31773357380589
47.98,-1.5,13.1294822051933,-2.64042386851724,3.35248662859546,0.360466331575704,-2.22667812105138,0.794617193984077,13.1349184920825,3.33570210736986
48,-1.5,13.0909336570546,-1.82982437911918,3.32732848369204,-0.304954180314088,-2.18657798355423,0.589464990886096,13.090834787163,3.34951300785226
48.02,-1.5,13.0562892300285,-2.2777935736102,3.3402884613829,1.16117335977689,-2.15769648152514,0.387268918054107,13.0474119788075,3.3592716763753
48.04,-1.5,12.9998219141102,-1.64038639406239,3.37377541808312,0.627502823450121,-2.13955576593874,0.190752204246614,13.0044525935283,3.36504438521191
48.06,-1.5,12.990673774266,-1.22487420952542,3.3653885743209,-0.274726871168218,-2.13140059886463,0.00233006594222995,12.9617625121609,3.36695653487273
48.08,-1.5,12.9508269457292,-3.14261394120994,3.36278634323639,0.0202117687422843,-2.13205958938046,-0.176100524823439,12.9191451063941,3.36519721673774
48.1,-1.5,12.8649692166176,-2.92007515564627,3.3661970450706,-0.189126691896824,-2.14077891182471,-0.342425400171199,12.8764321125539,3.35998746309843
48.12,-1.5,12.8340239395034,-1.64183882030544,3.35522127556051,-1.31803321599232,-2.15692560800279,-0.494583736699994,12.8334670724378,3.35159250041285
48.14,-1.5,12.7992956638054,-2.03986121099793,3.3134757164309,-1.241696415365,-2.17989623117013,-0.630775113035711,12.7901072258072,3.34031319164721
48.16,-1.5,12.7524294910634,-2.20362828173348,3.30555341894591,0.251863120564966,-2.2092882427267,-0.749326126308066,12.7462312147851,3.32647487444466
48.18,-1.5,12.7111505325361,-2.81309133167924,3.3235502412535,0.0985720115818212,-2.24437754657997,-0.849121845257247,12.7017154846914,3.31044554636082
48.2,-1.5,12.6399058377963,-2.19046744964544,3.30949629940919,-1.37168662776386,-2.28407455326857,-0.92970260727978,12.6564383849907,3.29262597602217
48.22,-1.5,12.6235318345502,-1.94401071980592,3.26868277614295,-1.32441378645292,-2.32763822201713,-0.990691100358301,12.6103142396926,3.27340280232107
48.24,-1.5,12.562145409004,-3.12467671987147,3.25651974795107,-0.796996264002503,-2.3746436024096,-1.03181800504424,12.5632919747519,3.25314845943199
48.26,-1.5,12.4985447657554,-2.44853382997405,3.23680292558285,-0.969745443996983,-2.42398698155373,-1.05374703302498,12.5153143979817,3.23225241271757
48.28,-1.5,12.4642040558051,-2.23508959527314,3.21772993019119,-1.06942073704089,-2.4742919646087,-1.05771924470147,12.4663356624375,3.21110531683993
48.3,-1.5,12.4091411819445,-1.95586972319171,3.19402609610121,-2.03173886029363,-2.52454472649696,-1.0449463761913,12.4163419412689,3.19005898673993
48.32,-1.5,12.3859692668774,-2.47717439774706,3.13646037577945,-1.69911497843195,-2.57404592602336,-1.0166412017511,12.3653486668815,3.16942539279617
48.34,-1.5,12.3100542060346,-2.99716932991374,3.12606149696393,-0.24673148905715,-2.62227938967571,-0.974074650835782,12.3133909465423,3.14948580876587
48.36,-1.5,12.2660824936809,-2.64647051357034,3.12659111621716,-0.156919995790328,-2.66815776385318,-0.919226417173333,12.2604908466387,3.13052408865448
48.38,-1.5,12.2041953854918,-3.15680903505369,3.11978469713232,-0.820897777110396,-2.71093099554627,-0.853919489663737,12.2066891679584,3.1127830806615
48.4,-1.5,12.1398101322787,-2.95671953492822,3.09375520513274,-1.39211301457187,-2.75059445176121,-0.779391480942444,12.1520572086753,3.09644851152068
48.42,-1.5,12.0859266040946,-2.97263273908532,3.06410017654945,-0.909995531092644,-2.78736888159314,-0.696763773978114,12.0966770265651,3.08166933293679
48.44,-1.5,12.0209048227153,-3.99428262057402,3.05735538388904,-0.100296043460313,-2.82055028306733,-0.608106653828814,12.0405984961253,3.06860411746398
48.46,-1.5,11.9261552992717,-2.48492649169569,3.06008833481103,-0.829221033848315,-2.84980045828603,-0.515192598629084,11.9838857607394,3.05736857046521
48.48,-1.5,11.9215077630475,-1.29866109718666,3.02418654253511,-1.04783714035285,-2.8752645202737,-0.419341131237151,11.92662025382,3.04802937050172
48.5,-1.5,11.8742088553842,-2.54183752102044,3.01817484919692,-0.196022236959525,-2.8972025571464,-0.32176047623465,11.8688871682305,3.04061864951548
48.52,-1.5,11.8198342622066,-3.90176602747254,3.01634565305672,0.830554808465189,-2.91530187402582,-0.224211201068891,11.8107530556312,3.03516161801002
48.54,-1.5,11.7181382142853,-3.09320197421292,3.05139704153553,0.322079051700297,-2.92958290639999,-0.128115529930667,11.7522981408037,3.03164165294294
48.56,-1.5,11.6961061832381,-2.12136867740353,3.02922881512474,-0.832843208443268,-2.93999841557612,-0.034882723578555,11.6935988725784,3.03001599846626
48.58,-1.5,11.6332834671892,-2.90421496711475,3.0180833131978,0.478076310264997,-2.94641666110246,0.0540747143098253,11.6347274487681,3.03021711865306
48.6,-1.5,11.5799375845535,-2.34714750950613,3.04835186753534,1.26364257639312,-2.94886203519225,0.137543521869554,11.5757637099231,3.03214758002308
48.62,-1.5,11.5393975668089,-3.70951039804788,3.06862901625352,-0.312839070723248,-2.94753708606935,0.214558048795911,11.5167936385317,3.035679799808
48.64,-1.5,11.4315571686316,-3.32131297905027,3.03583830470641,-0.770784026405902,-2.94246657263155,0.28410944807577,11.4578921468791,3.0406752571216
48.66,-1.5,11.4065450476469,-2.1942443275234,3.03779765519728,0.765340822294924,-2.93357622697289,0.345218658469206,11.3991258817051,3.0469832681665
48.68,-1.5,11.3437873955307,-2.16674244469988,3.0664519375982,1.37310715395181,-2.92118068783408,0.397372832930897,11.3405717650369,3.0544259307464
48.7,-1.5,11.3198753498589,-2.69721048944578,3.09272194135536,0.823459295777695,-2.9055938119746,0.440182756037949,11.2822993207359,3.06281651811754
48.72,-1.5,11.2358989759529,-4.13568348300712,3.09939030942931,-0.0604712308333255,-2.88714166163422,0.473414476070971,11.2243685088613,3.07196710732207
48.74,-1.5,11.1544480105386,-3.86475394659649,3.09030309212202,0.416707916647174,-2.86625921482219,0.497074652494365,11.1668332442758,3.08168649056882
48.76,-1.5,11.081308818089,-2.53888981492234,3.1160586260952,0.548007510251236,-2.84340495048877,0.511314323322441,11.1097379344668,3.09178303004322
48.78,-1.5,11.0528924179417,-2.37393191419466,3.11222339253207,0.00126920720913137,-2.81893472077338,0.516322006320131,11.0531118126876,3.10207420664479
48.8,-1.5,10.9863515415212,-3.30722039863112,3.11610939438356,0.157909889256558,-2.79345518018253,0.512650354424136,10.9969817556818,3.11238132674532
48.82,-1.5,10.9206036019965,-1.98249648304629,3.11853978810234,-0.03187991510466,-2.76775725447307,0.501149292195912,10.9413702326725,3.12253179176093
48.84,-1.5,10.9070516821994,-2.54055941539306,3.11483419777938,0.156395145923305,-2.74222343933871,0.482397567374664,10.8862751720397,3.13237629587716
48.86,-1.5,10.8189812253808,-3.06960553611786,3.12479559393927,0.741766224280094,-2.71716372207777,0.457017561715603,10.8316826968225,3.14178032039652
48.88,-1.5,10.7842674607546,-1.99664798430592,3.14450484675058,0.663124128893799,-2.69305403412437,0.425871787979375,10.777578122512,3.15062079188782
48.9,-1.5,10.7391153060085,-3.24326681523393,3.15132055909502,0.347701850671067,-2.67047898186952,0.390004497193772,10.7239443304049,3.15878804796932
48.92,-1.5,10.6545367881453,-2.86677226735756,3.15841292077742,0.592540929822416,-2.64966660164153,0.350198747794537,10.6707465942457,3.16619773038474
48.94,-1.5,10.6244444153142,-1.49920940321251,3.17502219628792,0.984702642299484,-2.6308359259505,0.307308492665185,10.6179450173266,3.17277831659314
48.96,-1.5,10.5945684120168,-2.50793801965252,3.1978010264694,-0.26872531088401,-2.61418995860955,0.262199995350408,10.5654980365417,3.17847552192436
48.98,-1.5,10.5241268945281,-3.30227691185772,3.16427318385256,-0.71994499701693,-2.5998666531047,0.215699471644953,10.5133611701863,3.18325419933177
49,-1.5,10.4624773355425,-3.36340542970661,3.16900322658873,0.224272111786239,-2.58792931853865,0.168582448827024,10.4614868560913,3.1870975543778
49.02,-1.5,10.3895906773399,-3.09438268514293,3.17324406832401,0.439305435595017,-2.57840551217247,0.121609014263345,10.4098264201656,3.19000011367553
49.04,-1.5,10.3387020281368,-2.14349722940534,3.18657544401253,0.427523190734558,-2.57133986581111,0.0755546767048058,10.3583328050396,3.19196992556752
49.06,-1.5,10.3038507881636,-1.65256760955796,3.19034499595339,0.323528034408149,-2.56666637832134,0.0310591710929526,10.3069579049246,3.19303129682301
49.08,-1.5,10.2725993237544,-2.53051685893482,3.19951656538885,-0.712975252644865,-2.5642215783572,-0.0113618936200792,10.255653082079,3.19322377557881
49.1,-1.5,10.2026301138063,-3.1431115526213,3.16182598584759,-0.0419106684402593,-2.56392497908185,-0.051142850836337,10.2043751064357,3.19259390649848
49.12,-1.5,10.1468748616496,-2.56081527013161,3.19784013865124,0.774280983519327,-2.56561826053188,-0.0878399722738777,10.1530820069084,3.19119941307547
49.14,-1.50540679654713,10.100197503001,-1.95782231471537,3.19279722518837,-0.327519030697476,-2.57053376323924,-0.119730340672544,10.1017317936007,3.1891096003437
49.16,-1.5379387923065,10.068561969061,-2.11658310199914,3.18473937742334,-0.3580017660062,-2.59064865728369,-0.134900293352595,10.0501605606593,3.1865204729292
49.18,-1.62242737271225,10.015534178921,-2.94042405302046,3.17847715454812,0.3317861403905,-2.65162717265003,-0.108694009934706,9.99783293181338,3.1839900757573
49.2,-1.7568968754274,9.95094500694016,-2.95851853754101,3.19801082303896,-0.225649813790874,-2.77710061812596,-0.0191988875872556,9.94365538844463,3.18260454518978
49.22,-1.88811780959404,9.89719343741938,-3.33963961291301,3.16945116199648,-0.0842156653362847,-2.95497991688933,0.120218229289575,9.88638696422226,3.18356706687495
49.24,-1.96662771803146,9.81735942242364,-3.78964768627519,3.19464219642551,0.341831921740399,-3.13215222353422,0.256425774844895,9.82546776430868,3.18738533723479
49.26,-1.9954117128526,9.74560752996838,-3.36078863949703,3.1831244388661,0.156714354564191,-3.26340652251968,0.344370434172581,9.76142268710816,3.19348726216623
49.28,-2,9.68292787684376,-3.51291715615116,3.20091077060808,0.620965763376458,-3.34006401044469,0.374956150072384,9.69530212393994,3.20077135224592
49.3,-2,9.60509084372233,-2.73300151252793,3.20796306940116,0.93335596654136,-3.37635834636566,0.361781203883634,9.62809061325564,3.20819235974114
49.32,-2,9.57360781634264,-2.77464965258329,3.23824500926973,0.0236345820767259,-3.39017306692709,0.32241856573798,9.56039654340726,3.21506903060045
49.34,-1.99459320345287,9.494104857619,-3.81364255897538,3.20890845268423,-0.485704998615155,-3.39156274242621,0.267161897433466,9.4925575284754,3.22099152066129
49.36,-1.9620612076935,9.42106211398363,-3.3501338144942,3.21881680932513,-0.341886512610068,-3.37466239707436,0.191244464711392,9.42485538377278,3.2256183927377
49.38,-1.87757262728775,9.36009950503923,-3.28608485720943,3.19523299217982,-0.077120205738257,-3.31743958080415,0.0747288570014189,9.35784025174377,3.22837014940719
49.4,-1.7431031245726,9.28961871969525,-3.3587586199348,3.2157320010956,0.964277238813738,-3.19828605889907,-0.101382574419032,9.2925807303558,3.2282005202727
49.42,-1.61188219040596,9.22574916024184,-3.24650867304608,3.23380408173237,0.549271695592302,-3.0287063838037,-0.323460366187582,9.23025674969364,3.22399703063562
49.44,-1.53337228196854,9.15975837277341,-2.76801551226065,3.23770286891929,-0.191624339776408,-2.86094883919923,-0.538191543183897,9.17141170162413,3.21531895527965
49.46,-1.5045882871474,9.11502853975141,-1.55236783485511,3.22613910814132,-1.23558267224398,-2.73998747038267,-0.699182236315622,9.11549117473799,3.20284248011656
49.48,-1.5,9.0976636593792,-3.24362152901378,3.18827956202953,-1.87679432564235,-2.67606750101082,-0.794174774376361,9.0614117727549,3.18781066157907
49.5,-1.5,8.98528367859086,-3.03966932258861,3.15106733511562,-0.558788581397962,-2.65656559801926,-0.833964860584295,9.0081540926137,3.17144226787254
49.52,-1.5,8.97607688647566,-1.31716899860144,3.16592801877361,-0.512032813359409,-2.66239053711149,-0.836480883143809,8.95499336150506,3.15468847728021
49.54,-1.47837281381148,8.9325969186468,-3.08397086339403,3.13058602258125,-0.985141839686487,-2.67694830081366,-0.817889509558613,8.9016006574049,3.13812358433648
49.56,-1.348244830774,8.8527180519399,-3.23485016432148,3.12652234518615,-1.63653347910888,-2.64347387202321,-0.832973177155703,8.84824384946451,3.12174020573458
49.58,-1.01029050915099,8.80320291207394,-2.67085103806202,3.06512468341689,-1.40889649803776,-2.45716998767708,-0.981003263829265,8.79687521313404,3.10392369763177
49.6,-0.472412498290412,8.74588401041741,-2.42366944829771,3.07016648526464,0.317553067113485,-2.02022431760698,-1.35035872138226,8.75169302821518,3.08096273396903
49.62,0.0524712383761793,8.70625613414204,-2.14602905973549,3.07782680610143,-1.2903386699858,-1.38714025176611,-1.87819881168303,8.71744051053698,3.0487878286004
49.64,0.366510872125854,8.660042848028,-0.325094597744258,3.01855293846521,-2.28208814693144,-0.777402565831976,-2.34259325813022,8.6960225705074,3.00628736817271
49.66,0.481646851410418,8.69325235023227,0.34307807717715,2.98654328022417,-2.86943683096124,-0.361866570636561,-2.57403213004767,8.68497920785735,2.95670546889003
49.68,0.5,8.67376597111508,-0.791910394600759,2.90377546522676,-2.77116429359959,-0.157581515454814,-2.55787301974081,8.68008745706558,2.90502472386463
49.7,0.5,8.66157593444824,0.0760249548783953,2.87569670848019,-2.62734935075886,-0.0907145869042286,-2.36945134541143,8.67776533340063,2.85553432951623
49.72,0.5,8.67680696931022,0.384304365512955,2.79868149119641,-2.30528947808097,-0.0869021828978298,-2.08517201049169,8.67605559168903,2.8108700942259
49.74,0.467559220717218,8.67694810906875,0.831485365598095,2.78348512935695,-1.25705297983143,-0.111753805170164,-1.74369582835684,8.67412081862435,2.77248847020757
49.76,0.272367246160994,8.71006638393414,-0.0914676841142992,2.74839937200315,-1.75391128912668,-0.20195588657232,-1.31988532438724,8.67115780668662,2.74166490761645
49.78,-0.234564236273521,8.67328940170418,-1.63510795197825,2.71332867779188,0.11755338809597,-0.459635132418612,-0.733799672463154,8.664934203297,2.7207690840217
49.8,-1.04138125256438,8.64466206585501,-1.2517881865274,2.75310150752699,0.125300165384412,-1.006596088464,0.106145746037746,8.65081431209392,2.71403222534718
49.82,-1.82870685756427,8.62321787424309,-1.63774571760169,2.71834068440726,-0.369432181719853,-1.84980162665313,1.18623427720204,8.62257244326292,2.72673039377059
49.84,-2.29976630818878,8.57915223715094,-2.62282923770623,2.73832422025819,2.5533069094515,-2.82407674695852,2.34162668314765,8.57590882677917,2.76202240674892
49.86,-2.47247027711563,8.51830470473484,-4.01210012234343,2.82047296078532,3.74184868727645,-3.73231877720208,3.38102901283127,8.51011940681154,2.81955516734125
49.88,-2.5,8.41866823225721,-4.47050350530027,2.88799816774925,4.35439192741478,-4.41628469478912,4.15154914077583,8.42817149116148,2.89541723925585
49.9,-2.5,8.33948456452283,-4.12338845826903,2.99464863788191,4.7593871523448,-4.78186907388492,4.56472627303808,8.33563565981779,2.98319200335681
49.92,-2.5,8.25373269392644,-4.86148917627331,3.07837365384304,5.21154171250044,-4.83349372720807,4.62657983101431,8.23902308799862,3.07562715143502
49.94,-2.5,8.14502499747189,-5.3272284820606,3.20311030638193,4.53915143379721,-4.65166479433906,4.4172675731187,8.14386036448346,3.16643974396313
49.96,-2.5,8.04064355464402,-4.67343501641091,3.25993971119493,3.28582645158266,-4.36871810022539,4.0646474302133,8.05360562003082,3.25138614269678
49.98,-2.5,7.95808759681546,-3.93814825726899,3.33454336444524,2.92466949555993,-4.08103104736928,3.66196476996946,7.96913116757369,3.32870368594572
50,-2.5,7.88311762435326,-3.73690458618849,3.37692649101733,3.77841627590987,-3.83604215529132,3.25535120392648,7.89004282974452,3.39787059050578
50.02,-2.5,7.80861141336792,-2.78057244422782,3.48568001548163,3.62340317652988,-3.64452376143457,2.85735953225228,7.81532913673622,3.45897844533936
50.04,-2.5,7.77189472658415,-3.23431126428102,3.52186261807852,2.03563103669334,-3.50205358322996,2.46770813914599,7.74385828411735,3.5122709813364
50.06,-2.5,7.67923896279668,-4.41050033797419,3.56710525694936,1.86941532535952,-3.4019923967538,2.08443345584198,7.67474106930208,3.55787503803842
50.08,-2.5,7.59547471306518,-4.12037269674159,3.5966392310929,1.78195232988269,-3.33999119789795,1.70759265774469,7.60738983108688,3.59577599428014
50.1,-2.5,7.51442405492701,-3.24802503055086,3.63838335014467,1.24881513727252,-3.3085025345052,1.33589703205252,7.5411072788297,3.6261009901352
50.12,-2.5,7.46555371184315,-2.80885855166901,3.64659183658381,0.683327247560128,-3.29906913969189,0.968432584606098,7.47513242199556,3.64909014724855
50.14,-2.4459320345287,7.40206971286025,-3.21062901294391,3.66571644004708,0.256905717052369,-3.29399447737287,0.59539814028319,7.40916751230904,3.66476905386186
50.16,-2.17261625079062,7.33712855132539,-3.73403358209574,3.6568680652659,0.757086510773575,-3.23081589866505,0.169082071901026,7.34374543444975,3.67256300461745
50.18,-1.27572627287747,7.25270836957642,-2.0502968462992,3.69599990047802,0.493165087822245,-2.93485273418552,-0.454085710251685,7.28148418476566,3.67022510420281
50.2,-0.0753078247499559,7.25511667747342,-1.69111520041378,3.67659466877879,-1.28883192758151,-2.16098301954383,-1.48200557671071,7.2295548497863,3.65168649074748
50.22,1.38117809594045,7.18506376155987,0.184264997783612,3.64444662337476,-3.11299993522897,-0.848948264992208,-2.96990333023447,7.19874404549026,3.607779993254
50.24,2.16627718031464,7.26248727738477,1.22171028388343,3.55207467136963,-5.84092894627217,0.844754884776118,-4.77462727319114,7.19832145078507,3.53062063054426
50.26,2.45411712852605,7.23393217291521,1.94988280705597,3.41080946552387,-7.19182294025901,2.59560889678944,-6.57869637568517,7.23302157367672,3.41669624120593
50.28,2.5,7.340482589667,3.45626816672993,3.26440175375927,-6.79352689657572,3.8751174663006,-7.85335311417384,7.29900335096156,3.27100343650005
50.3,2.5,7.3721828995844,3.86756748579378,3.13906838966084,-7.91272384754003,4.1945587321659,-8.10947222923129,7.38136720393687,3.10960500539196
50.32,2.5,7.49518528909876,2.76826456917734,2.94789279985767,-8.41633437760862,3.76093101823408,-7.54637386152245,7.46160033063508,2.952241247129
50.34,2.5,7.4829134823515,2.19447345189583,2.8024150145565,-6.67010151809959,3.17809126190961,-6.75238924311208,7.53093219488794,2.80917015676857
50.36,2.5,7.58296422717459,2.99651564839905,2.68108873913369,-5.89355253250663,2.71859385582886,-5.98912572585502,7.5896417778484,2.68185731791966
50.38,2.5,7.60277410828746,2.33241989574193,2.56667291325623,-5.65555408674164,2.41247225552127,-5.28672393519144,7.64072058764616,2.56918392207423
50.4,2.5,7.67626102300427,2.81499315336138,2.45486657566402,-4.44349283327509,2.2308345507722,-4.62359815090444,7.6870203959609,2.47010793798722
50.42,2.5,7.71537383442192,1.65295172220881,2.38893319992523,-3.60234850605243,2.14532052767599,-3.98036933199436,7.73061514979264,2.3841024562253
50.44,2.5,7.74237909189262,1.63961114492732,2.31077263542192,-3.09432112105835,2.13055905238653,-3.34391287440522,7.77324938127239,2.31087201326801
50.46,2.5,7.78095828021901,3.42223469492604,2.2651603550829,-2.66772921956279,2.16797745472722,-2.70792836957929,7.8161711489283,2.25034840547596
50.48,2.5,7.87926847968966,2.78479120597463,2.20406346663941,-1.82271060410231,2.24347643485366,-2.07031347293677,7.86022744384996,2.2025657713463
50.5,2.5,7.89234992845799,1.27986612921398,2.1922519309188,-1.82644292220261,2.3443039681672,-1.43116695141646,7.9060657960209,2.1675507691045
50.52,2.5,7.93046312485822,2.14879715610901,2.13100574975131,-1.59337348390487,2.45942470642103,-0.792319250143623,7.95411092157784,2.14530669946223
50.54,2.5,7.97830181470235,3.58483163510197,2.12851699156261,0.594670091868876,2.5796283348427,-0.156919987463719,8.00451175509454,2.13581543461215
50.56,2.5,8.0738563902623,3.17239290682196,2.15479255342606,0.106134151184878,2.69725339305559,0.471197409575089,8.05727671139517,2.13897990142584
50.58,2.5,8.10519753097523,2.07930671220877,2.13276235761,0.836877438048933,2.80611721266088,1.08778332920952,8.11231017105623,2.15460425241265
50.6,2.5,8.15702865875065,2.76481720349797,2.18826765094802,2.47197791570216,2.90160464822189,1.68812610647557,8.16941759737167,2.18238883089637
50.62,2.5,8.21579021911515,3.60052498540062,2.23164147423809,2.12871853760125,2.98149575128152,2.26694243828067,8.22829894952826,2.22195319936641
50.64,2.5,8.30104965816667,3.48790837913682,2.27341639245207,1.85828287747049,3.04596922758748,2.81807823887294,8.28859253422089,2.2728536002433
50.66,2.5,8.35530655428062,2.57004172096256,2.30597278933691,2.88819647412853,3.09777343391331,3.33356243877411,8.35002510152954,2.33445672263404
50.68,2.5,8.40385132700518,2.59521530508633,2.38894425141721,3.89186036938253,3.14228009344563,3.8035276014446,8.41242347941493,2.40592848807558
50.7,2.5,8.45911516648408,2.5930610577269,2.46164720411221,4.46580199272918,3.18740241570108,4.21626126772218,8.47571424045552,2.48623505327716
50.72,2.5,8.50757376931425,3.15894854557417,2.56757633112638,5.21204234228181,3.2466088794628,4.55461361057919,8.54001275814887,2.57408899269368
50.74,2.47837281381148,8.58547310830704,4.46926356321602,2.67012889780348,4.51003589249932,3.33312524773433,4.80044367675206,8.60576814486375,2.66779669748173
50.76,2.348244830774,8.68634431184289,4.10443872240687,2.74797776682635,5.21063142828601,3.42393019209487,4.9680478627633,8.67337003484576,2.76558074631781
50.78,2.01029050915099,8.74965065720332,3.12024715820036,2.87855415493492,5.24437038494925,3.39391197226364,5.17158605912672,8.74186574281142,2.86680528076231
50.8,1.53012312989998,8.81115419817091,2.39463263042312,2.95775258222432,4.65670374394116,3.14908299264755,5.50578727409092,8.80787010443759,2.97315269054133
50.82,0.94752876162382,8.84543596242024,2.32937300877523,3.06482230469257,6.67256070898791,2.64543459967133,6.01215423740583,8.86596279256127,3.08832454212759
50.84,0.654290797416399,8.90432911852192,2.10589554500125,3.22465501058384,6.66317004523327,2.18460023871749,6.38580310153899,8.91392458098017,3.21280005120814
50.86,0.518353148589582,8.92967178422029,2.92003806667362,3.3313491065019,6.19045383027228,2.005194332738,6.38354344017452,8.95534297675563,3.34112888489208
50.88,0.5,9.02113064118886,3.62635439710099,3.47227316379473,7.28073181411825,2.03973717719344,6.07801140309922,8.99556782298512,3.46611045223373
50.9,0.5,9.07472596010433,1.98909275348056,3.62257837906663,5.08013167540033,2.15087766473741,5.61646373471059,9.03743263089063,3.58322140648498
50.92,0.5,9.10069435132808,1.10976047208338,3.67547843081074,4.50516462848431,2.25544808592203,5.08937022105581,9.08153537410081,3.69035460882659
50.94,0.483779610358609,9.11911637898767,2.06574060422695,3.802784964206,5.0725695531684,2.32756707223934,4.52898448051926,9.1274227965035,3.786582920123
50.96,0.386183623080497,9.18332397549716,1.75589417946509,3.87838121293748,2.9854463511046,2.35107868899231,3.95456844235575,9.17431316363782,3.87142455657749
50.98,0.16625514992493,9.18935214616627,2.02298054264731,3.92220281825019,3.08142004366327,2.29799249077967,3.38849261715753,9.22097393051044,3.94481099130342
51,-0.270690626282191,9.26424319720305,2.22882762879655,4.00163801468401,4.43325004072229,2.12512520111459,2.85744822418584,9.26539047796411,4.00722627018868
51.02,-0.630816160720444,9.27850525131813,2.49565347138803,4.09953281987908,2.40306429484001,1.85481544349335,2.34345595848419,9.30529150329614,4.05923332497118
51.04,-0.899883154094391,9.36406933605858,1.98527832899487,4.09776058647761,1.46731779975429,1.53640820429262,1.81887898042574,9.33926128629364,4.10088301763375
51.06,-0.986235138557814,9.35791638447793,0.748047493695481,4.15822553186925,1.18392307595923,1.22235231943787,1.262568671225,9.36681493547162,4.13176254837929
51.08,-1,9.39399123580639,0.831500126781526,4.14511750951598,-0.8023272322216,0.945113585887715,0.669195587248509,9.3884255794756,4.15113826406342
51.1,-1,9.39117638954919,0.601505070354014,4.12613244258039,0.157701143359712,0.707894990508286,0.0488971102587226,9.40489159139566,4.15835828235275
51.12,-1,9.41805143862056,0.78646902428412,4.15142555525037,0.239502672204295,0.5108339956069,-0.588173991209302,9.41700967597879,4.15298073737923
51.14,-1.00540679654713,9.42263515052055,0.614507021068267,4.13571254946856,-1.34717554299641,0.35341445498977,-1.23324712338056,9.42559223683633,4.13477241724536
51.16,-1.03273837492094,9.44263171946329,0.511208596382007,4.09753853353051,-1.9592664060722,0.23200270024491,-1.87710677412266,9.43143342265889,4.10366557042157
51.18,-1.12242737271225,9.44308349437583,-0.72968596534726,4.05734189322567,-2.09763537640453,0.129729884318087,-2.50327463288543,9.43501704809497,4.0598395055329
51.2,-1.242469217525,9.4134442808494,0.37676895287122,4.01363311847433,-3.24126140541537,0.0323770946464841,-3.09572740099842,9.43659988218973,4.00378776798701
51.22,-1.38811780959404,9.45815425249068,0.0115555103429088,3.92769143700906,-3.67488293166176,-0.0693784457824776,-3.64005238939224,9.4362357830175,3.93631798913259
51.24,-1.46662771803146,9.41390650126311,-0.588288578034613,3.86663780120786,-3.53246054292947,-0.179945117729086,-4.12346192868602,9.43377595762327,3.85855168612095
51.26,-1.4954117128526,9.4346227093693,0.381041389172898,3.78639301529188,-5.50400856443354,-0.297590344648676,-4.53664147239014,9.4290146431554,3.77182275159533
51.28,-1.5,9.42914815683003,-1.36715644187837,3.64647745863052,-4.84437146921833,-0.431222430495602,-4.86276990875796,9.42177694783601,3.67765580158354
51.3,-1.5,9.37993645169416,-0.539235757498613,3.59261815652314,-4.57333774097931,-0.608804032182691,-5.06875160288313,9.41148540011396,3.57810063352272
51.32,-1.5,9.40757872653008,-0.121881130040657,3.46354394899135,-4.809614739353,-0.865449173775924,-5.11457768462858,9.39694180075939,3.47592691634587
51.34,-1.5,9.37506120649254,-1.245981327666,3.40023356694902,-3.80329056367554,-1.21193194867046,-4.98411582437392,9.37626136629769,3.3747022958672
51.36,-1.5,9.35773947342344,-1.09049794266296,3.31141232644432,-5.73303744747649,-1.62074795201594,-4.70393307059825,9.34796105070667,3.27764964354946
51.38,-1.5,9.33144128878602,-2.49069806725437,3.17091206904996,-5.40533392457109,-2.0275624362251,-4.34371143966716,9.31141158530696,3.18710996009488
51.4,-1.5,9.25811155073327,-2.3280626838472,3.09519896946148,-3.51722056837487,-2.37756769981485,-3.96862769219942,9.2672631833012,3.10397622989264
51.42,-1.5,9.23831878143213,-2.40869075550525,3.03022324631497,-2.80213967551632,-2.64987396893262,-3.61074647531176,9.21689834110365,3.02818189426052
51.44,-1.5,9.16176392051306,-4.27774271557833,2.98311338244083,-2.83010193048366,-2.85126708769645,-3.27249827887631,9.16174504049736,2.9594110857813
51.46,-1.5,9.067209072809,-2.64155011362819,2.91701916909562,-4.05681414575202,-3.00233925083234,-2.9409553169503,9.10315709016275,2.8972620525574
51.48,-1.5,9.05610191596793,-2.21375994758306,2.82084081661075,-2.82458277150847,-3.11571112412779,-2.60952097082372,9.04191126400194,2.8417640992684
51.5,-1.5,8.97865867490568,-4.07293224986507,2.80403585823528,-1.48629687512802,-3.20391346650926,-2.27136381545105,8.97867908620391,2.7929423390812
51.52,-1.5,8.89318462597333,-3.54055673070013,2.76138894160563,-1.67206012305425,-3.27460103260158,-1.92410960701689,8.91387635813483,2.75096538458382
51.54,-1.5,8.83703640567767,-3.08511823549704,2.73715345331311,-1.70929902652112,-3.33281083017369,-1.56789571211494,8.84777314322866,2.71604266747931
51.56,-1.5,8.76977989655345,-3.29050264066035,2.69301698054478,-2.07794360050844,-3.38319063773899,-1.20331616224704,8.78060617555884,2.68831415530697
51.58,-1.5,8.70541630005126,-3.31602455541193,2.65403570929278,0.0466363626781208,-3.42842011856856,-0.832890104360209,8.7124876394133,2.66793967100827
51.6,-1.5,8.63713891433697,-3.42090569189368,2.69488243505191,-0.54103826280909,-3.47057174247866,-0.459742390870892,8.64348947954268,2.65501683057091
51.62,-1.5,8.56858007237551,-3.51495627385261,2.63239417878041,-0.9824302029798,-3.51134168306325,-0.0872710236026132,8.57366492654926,2.6495559651626
51.64,-1.5,8.49654066338286,-3.82146735460616,2.65558522693271,0.570493692964757,-3.55151183741775,0.280426086088945,8.50302721233394,2.65150570366388
51.66,-1.5,8.41572137819126,-3.20907892322744,2.655213926499,0.447578868008014,-3.59096852685745,0.638476997759966,8.43158848292659,2.66072320830361
51.68,-1.5,8.36817750645377,-3.61677273980971,2.67348838165303,0.350734695081922,-3.62854875128398,0.981405893390328,8.35938959100205,2.67695078048404
51.7,-1.5,8.27105046859887,-3.90514181867205,2.66924331430228,0.819758242866298,-3.66179867195328,1.30302560658806,8.28649207564748,2.69982541213338
51.72,-1.5,8.21197183370688,-3.52693736711438,2.70627871136769,2.51875690909934,-3.68688376431573,1.5963371825852,8.21298717404357,2.72887469249783
51.74,-1.5,8.1299729739143,-4.20133903011495,2.76999359066625,1.99277664202893,-3.69854381621305,1.8534230232019,8.13909853471705,2.76344669883845
51.76,-1.5,8.04391827250229,-2.61170790898664,2.78598977704884,2.12205211697941,-3.69108732833235,2.06647220478774,8.06517270001505,2.80271771570597
51.78,-1.5,8.02550465755483,-2.88896082637533,2.85487567534543,3.02790830407347,-3.65827779595523,2.22763218933185,7.99163414465557,2.84574985880995
51.8,-1.5,7.92835983944727,-4.60263205731459,2.90710610921178,1.92662009619969,-3.59586911335126,2.33132519487362,7.91904070640781,2.89144092286199
51.82,-1.5,7.84139937526225,-3.94711061034216,2.93194047919342,1.88180364792676,-3.50312365463782,2.37570062828044,7.84800504055839,2.93860434527622
51.84,-1.5,7.77047541503359,-3.18072434314489,2.98237825512885,2.98025019456298,-3.38356395893648,2.36333626205184,7.77910322978027,2.986079760643
51.86,-1.5,7.71417040153645,-2.51574439025528,3.05115048697594,2.31551520729725,-3.24477798038528,2.30118157990398,7.71281566173286,3.03278286519503
51.88,-1.5,7.66984563942338,-2.78814953887381,3.07499886342074,0.790860828689821,-3.09510491035748,2.1975217402508,7.64938934773837,3.07784586268127
51.9,-1.5,7.6026444199815,-3.12801493126962,3.08278492012353,2.80690025220666,-2.94578664247078,2.06384513189448,7.58898432585893,3.12050549870637
51.92,-1.5,7.54472504217259,-3.14642593314791,3.18727487350901,3.78186459033008,-2.80406671846197,1.90842492683695,7.53150655082242,3.16025591896365
51.94,-1.5,7.47678738265559,-3.10659149186279,3.23405950373673,1.00136662002051,-2.6745342193277,1.73745042885207,7.47673743873425,3.19674110862196
51.96,-1.5,7.42046138249808,-2.79459462298932,3.22732953830983,0.0379216874875854,-2.55971349370266,1.55549285585196,7.42439011276042,3.22971456724346
51.98,-1.5,7.36500359773601,-1.87077796481481,3.23557637123624,2.49454004218372,-2.46076598356847,1.36610961224448,7.37416134472243,3.25898792697632
52,-1.5,7.34563026390549,-2.37437804168568,3.32711113999718,1.62033276917976,-2.37935958273936,1.17348643117804,7.32580470872667,3.28437193188948
52.02,-1.5,7.27002847606859,-2.46844190766582,3.30038968200343,-0.331389995963405,-2.31343561260495,0.978626748443989,7.27896084848962,3.30583995594193
52.04,-1.5,7.24689258759885,-2.0484093691489,3.31385554015864,1.03416356177221,-2.25948383571601,0.781351546005483,7.23324622762236,3.32344638643587
52.06,-1.5,7.18809210130263,-1.9668034772766,3.34175622447431,0.690649945993793,-2.21840158911982,0.585460329623472,7.1884791725143,3.33711863202145
52.08,-1.5,7.16822044850779,-2.09231151269211,3.34148153799839,0.368678076942308,-2.18938819231354,0.393263919040491,7.14443249279183,3.34688681183434
52.1,-1.5,7.10439964079495,-2.39150291551216,3.35650334755201,-0.091816307956416,-2.17056728977761,0.206083380590668,7.10085493849895,3.35286472947758
52.12,-1.5,7.0725603318873,-2.61862835392515,3.33780888568014,-0.456958129849139,-2.16110083424111,0.0261023464860757,7.05755339140148,3.35517261376021
52.14,-1.46755922071722,6.99965450663794,-1.56908668443696,3.33822502235804,-0.893456472140408,-2.15474972765784,-0.149693611507687,7.01436833828702,3.35395728683257
52.16,-1.30356975047437,7.00979686450983,-1.54237408004252,3.30207062679452,-0.155501584556528,-2.08848411560094,-0.3778234638914,6.97176537704693,3.34883361211291
52.18,-0.765435763726479,6.93795954343624,-2.80173607345493,3.33200495897578,0.395884692548409,-1.81760677336736,-0.791325200189125,6.93224096189528,3.33756300588723
52.2,-0.0451846948499736,6.89772742157163,-1.80915613964947,3.31790601449646,-1.62907581354649,-1.18083420709392,-1.53667772703055,6.90167551435446,3.31480109988789
52.22,0.828706857564269,6.86559329785026,0.283424297938284,3.26684192643392,-2.10797577759034,-0.191331923493315,-2.58927264654686,6.8875888132937,3.27382740607769
52.24,1.29976630818878,6.90906439348916,1.28325516340038,3.23358698339284,-2.76033644720916,0.838588401064071,-3.63214268132284,6.89421230061364,3.21136983345787
52.26,1.47247027711563,6.91692350438627,0.687393772589773,3.15642846854555,-5.28056428648628,1.57357884624587,-4.32427685682654,6.91905983765743,3.13098439252341
52.28,1.5,6.93656014439275,2.28711344042118,3.02236441193339,-5.43512531731322,1.87223995486647,-4.52119082999274,6.95417851910237,3.04176805146458
52.3,1.5,7.00840804200312,2.65978292553071,2.93902345585303,-4.37665387081373,1.8643149799383,-4.35099727127574,6.99187768626106,2.95261006207599
52.32,1.5,7.04295146141398,2.12855344803198,2.84729825710084,-4.00817826129152,1.73437953278989,-3.9983093021575,7.02796805266068,2.8689158507871
52.34,1.5,7.0935501799244,1.42004804137079,2.77869632540137,-3.28043968846967,1.58657715382777,-3.56972113878691,7.06115749120165,2.79316167842611
52.36,1.5,7.09975338306881,0.478219370848376,2.71608066956206,-1.98461468609559,1.4616318540737,-3.11077407122222,7.091590299169,2.72632298420798
52.38,1.5,7.11267895475834,1.90207755818013,2.69931173795754,-2.1593929512454,1.3703980767606,-2.63858472627715,7.11985622603038,2.66881173493836
52.4,1.5,7.17583648539602,1.50211623206726,2.62970495151224,-3.26343290892538,1.31181421222141,-2.15939305458671,7.1466256261424,2.62082481982239
52.42,1.5,7.17276360404103,0.738791499571723,2.56877442160053,-1.03250244721754,1.28069829889856,-1.67593860341353,7.17252190474574,2.5824563332984
52.44,1.5,7.20538814537889,0.842050490359081,2.58840485362354,-0.836994794938584,1.27104168364451,-1.19036122012684,7.19803766851691,2.55376768203659
52.46,1.5,7.20644562365539,0.948026789911127,2.53529462980298,-1.5395828389453,1.27771802076553,-0.705582283500367,7.22350238559213,2.53481208795201
52.48,1.5,7.24330921697533,1.8781862453479,2.52682154006573,-0.0322835421407208,1.29576038254131,-0.224688585858302,7.24919292944863,2.52554262699314
52.5,1.5,7.28157307346931,0.851263602276386,2.53400328811735,0.325179973327572,1.32040749308063,0.249049554114128,7.27533482150668,2.52581090722837
52.52,1.5,7.27735976106639,0.919129787141526,2.53982873899883,-0.536394003570417,1.34859246830963,0.711283997311341,7.30202255352347,2.53543290494779
52.54,1.5,7.31833826495497,2.56269103949207,2.51254752797454,0.520155217276463,1.37877443060008,1.15651635008191,7.32928988608128,2.55414540519924
52.56,1.5,7.37986740264607,1.8636422989893,2.56063494768989,1.65231409730904,1.41072767921928,1.57838743299219,7.35718010626164,2.58154300016084
52.58,1.5,7.39288395691454,0.194091735122059,2.5786400918669,2.13785698221626,1.44574609154754,1.96959025621288,7.38573924110668,2.61708201623299
52.6,1.5,7.38763107205095,1.17432476563797,2.64614922697854,2.74037156606869,1.48733886895461,2.32108481719809,7.41504135790628,2.66007636208114
52.62,1.5,7.43985694754006,2.21723351684171,2.68825495450965,2.11003358095232,1.5405670949595,2.62248125921538,7.44529381197803,2.70960594018726
52.64,1.5,7.47632041272462,2.3320238699754,2.73055057021663,2.91247120937559,1.61170355105661,2.86279326449059,7.47679602603693,2.76455633063669
52.66,1.5,7.53313790233907,1.36484999008253,2.80475380288467,3.41253656812884,1.70779480347994,3.0309669169253,7.5099325544402,2.82363774447655
52.68,1.5,7.53091441232792,0.684838337924631,2.86705203294178,2.96578398959126,1.83163119991391,3.12079724356263,7.54527236516437,2.8852974115346
52.7,1.5,7.56053143585606,2.67701942363654,2.92338516246832,3.617611591041,1.98049579000177,3.13304907190472,7.58337336837975,2.94794046791979
52.72,1.5,7.63799518927338,2.5177722964262,3.01175649658342,3.5630013496611,2.14638374829589,3.07575237932464,7.62464241530544,3.0101155827557
52.74,1.5,7.66124232771311,2.72216195775785,3.06590521645477,3.40147841550066,2.31518876171276,2.96476458041342,7.66935771417509,3.07051382332265
52.76,1.5,7.7468816675837,2.64160778263167,3.14781563320345,2.62178448142463,2.47877370965405,2.81183739666518,7.71732876153398,3.12832463842055
52.78,1.5,7.76690663901837,1.17499160997163,3.17077659571175,2.49609400634143,2.6288898601018,2.62930441624846,7.76833967890896,3.18285975765621
52.8,1.5,7.79388133198256,2.6382689799308,3.24765939345711,2.3959275705654,2.75699527067351,2.43003380497788,7.82219319988986,3.23351612915985
52.82,1.5,7.87243739821561,3.4039960484143,3.26661369853437,1.96363919797116,2.86588704180525,2.21576421078385,7.87841658346776,3.280032309384
52.84,1.5,7.93004117391913,3.25454860641532,3.32620496137595,2.69335887885853,2.95665561211092,1.98957906634696,7.93669790883066,3.32207698892877
52.86,1.5,8.00261934247222,3.63912141562952,3.37434805368871,1.79279492992592,3.0340608740182,1.75094600094067,7.99664185785257,3.35948547757057
52.88,1.5,8.07560603054431,3.6270817063079,3.39791675857299,2.27811185541547,3.10067520860853,1.50128696405717,8.05799258252051,3.39203764569233
52.9,1.5,8.14770261072453,2.6007261038683,3.46547252790533,1.81100665241131,3.15744440167508,1.24353388135078,8.12059585136516,3.41949037303748
52.92,1.5,8.17963507469905,2.0574310393517,3.47035702466944,-0.435607569814078,3.2070114919259,0.978992083131774,8.18425793986385,3.44171794878016
52.94,1.47296601726435,8.2299998522986,3.24371092519362,3.44804822511276,0.563686807264085,3.24495001939831,0.715407612887889,8.24882247099533,3.45863478173664
52.96,1.31030603846749,8.30938351170679,3.67799507276922,3.49290449696001,0.384173468157067,3.2297508787083,0.49319712594635,8.31370229422201,3.47061024344891
52.98,0.943758583208217,8.37711965520937,3.20536394110404,3.46341516383905,-0.446043610767333,3.05210658240808,0.410579586808479,8.37695244997272,3.47927389846927
53,0.215515622863015,8.43759806935095,2.75823070539283,3.47506275252931,1.46263597852719,2.59167014220002,0.568192078338559,8.43387059593573,3.48866352972904
53.02,-0.38469360120074,8.48744888342508,2.19829612525917,3.52192060298013,1.12668136118849,1.9001481170353,0.906827442701461,8.47904695063561,3.50323601607267
53.04,-0.833138590157318,8.52552991436132,1.60736944197821,3.52013000697685,0.172129770097729,1.17100061842505,1.24366959763828,8.50963087453376,3.52491756544616
53.06,-0.977058564263023,8.55174366110421,0.268605456070148,3.52880579378404,1.27634512837637,0.594170844573452,1.40863088814938,8.52697860574584,3.55177103320267
53.08,-1,8.53627413260413,-1.05239199879295,3.57118381211191,1.89238852658873,0.202904865639853,1.37883663381822,8.5346651953379,3.57994088694977
53.1,-1,8.5096479811525,-1.1747904245837,3.60450133484759,1.67050757408616,-0.0405811984576036,1.19538513447605,8.53608464241021,3.60589292478746
53.12,-1,8.48928251562078,-0.270332127218209,3.63800411507535,1.65925439381757,-0.198010553645051,0.919633566116123,8.53358969502909,3.62716136112759
53.14,-0.978372813811479,8.49883469606377,0.939399616436098,3.67087151060029,0.188515393190558,-0.302764897649527,0.587187916449497,8.52849992546852,3.64231336365981
53.16,-0.869046500316249,8.52685850027822,0.0184845276836487,3.64554473080298,-0.375178982984603,-0.347871168021936,0.198924785090222,8.52184965592835,3.65029918689387
53.18,-0.510290509150986,8.49957407717111,-1.11050428634201,3.65586435128091,-0.780693145144529,-0.268238183922287,-0.292780280346912,8.51538612320796,3.6496061326285
53.2,-0.0301231298999823,8.48243832882454,0.622047332984632,3.61431700499719,-1.06100256688242,0.0117765593737937,-0.943710534053974,8.51245377956959,3.63752824188185
53.22,0.55247123837618,8.5244559704905,1.38794937545361,3.61342424860561,-1.20446859664682,0.50632281099857,-1.75730687686862,8.51732659040727,3.61073945420929
53.24,0.866510872125854,8.53795630384269,0.749744893515114,3.56613826113132,-2.89888142900678,1.12155717581178,-2.64324544882059,8.53350264666008,3.56675972720237
53.26,0.981646851410418,8.5544457662311,0.575836576609801,3.49746899144534,-3.73159556523955,1.71356585664305,-3.46346000214747,8.56200867844517,3.50546808103594
53.28,1,8.56098976690708,2.92216872162241,3.41687443852174,-4.14351468662466,2.16333976699883,-4.09764727957931,8.60110776233726,3.42944557373571
53.3,1,8.671332515096,3.68826785718315,3.33172840398036,-3.76272037748993,2.39716516518901,-4.46582614073359,8.64708445211093,3.34335265512935
53.32,1,8.7085204811944,1.62930964123258,3.26636562342214,-4.27039854502709,2.39523541238022,-4.54128856295084,8.69537343805093,3.25281571770743
53.34,1,8.7365049007453,1.82089521191009,3.16091246217927,-4.59174872470967,2.20176333203123,-4.36349331546468,8.74160036430266,3.16340723346649
53.36,1,8.78135628967081,2.03494134890128,3.08269567443376,-3.76260052520437,1.91467259258025,-4.02865924800031,8.78282198917601,3.07932196462205
53.38,1,8.81790255470135,1.57274980238853,3.0104084411711,-4.53881485900395,1.62059658482247,-3.62556391923633,8.81815267424796,3.00270456562966
53.4,1,8.84426628176635,1.20882518515533,2.9011430800736,-3.36420921282268,1.36678408464603,-3.20573075236653,8.84794598197863,2.93438209970453
53.42,1,8.86625556210757,1.66685427914905,2.87584007265819,-2.40792340170406,1.1651033071821,-2.78695839113134,8.87317554757298,2.87446455874195
53.44,1,8.91094045293231,0.623851709265422,2.80482614400544,-2.33338092040019,1.01122807687434,-2.37172526597279,8.89491328768535,2.82284363501795
53.46,1,8.89120963047818,0.123261355759929,2.78250483584218,-1.17873058880333,0.898616760176845,-1.96010939760588,8.91397212564284,2.77951226772355
53.48,1,8.91587090716271,1.36203719717485,2.7576769204533,-0.690388109543782,0.819859154915652,-1.55161209025671,8.9310493410803,2.74444700778959
53.5,1,8.94569111836518,0.587359443730051,2.75488931146043,-2.4041159356004,0.765824277157457,-1.14465250236614,8.94686600942073,2.71749050100305
53.52,1,8.93936528491191,1.06012634133306,2.66151228302929,-2.02388181472534,0.729139741677907,-0.738930938793644,8.9617877491556,2.69866097240267
53.54,1.01622038964139,8.9880961720185,0.784197954433496,2.67393403887142,-0.384990737040669,0.710275904555221,-0.341014671508359,8.97613479990369,2.68789471877482
53.56,1.1138163769195,8.97073320308925,1.22634441240868,2.64611265354766,1.04508370859057,0.731799619714763,0.0234668698875607,8.99045557161867,2.68480987226742
53.58,1.36728211813676,9.03714994851485,1.10038213049286,2.71573738721504,1.50094637168818,0.850816231002328,0.29973269692394,9.00607827306938,2.68822866221189
53.6,1.77069062628219,9.01474848830896,0.273305984639549,2.70615050841519,-0.738439968960369,1.12443962494923,0.433293475993741,9.02552162443627,2.69584358199711
53.62,2.13081616072044,9.04808218790043,2.58343690868656,2.68619978845663,0.690660433283041,1.55660107141902,0.416229495883713,9.05209280044952,2.70456723963837
53.64,2.39988315409439,9.11808596465643,1.39164990242664,2.73377692574651,0.977988764558435,2.05249696335051,0.327998246998794,9.08822882636359,2.71200207408249
53.66,2.48187788921581,9.10374818399749,1.78672299698182,2.72531933903896,0.0530248137136313,2.49116197277268,0.273183054963689,9.13379106441092,2.7179284271703
53.68,2.5,9.1895548845357,3.37614741310004,2.73589791829505,0.336265716961504,2.83335387859911,0.287217609316494,9.1872220801783,2.72339695739063
53.7,2.5,9.2387940805215,3.61805856666453,2.73876996771742,0.199286846184954,3.08587293190949,0.365486722994947,9.24653185607189,2.72984314804753
53.72,2.5,9.33427722720228,4.22628114082402,2.74386939214245,0.592936883460882,3.2759064894732,0.484536366311298,9.31024177989264,2.73828715856197
53.74,2.48918640690574,9.40784532615446,3.81282243530738,2.76248744305586,0.044729089319695,3.42319952017157,0.626833091040143,9.377290529308,2.74937362263117
53.76,2.424122415387,9.48679012461458,3.16280546950565,2.74565855571524,0.239118892271029,3.51797926443649,0.800603983495551,9.44681230171273,2.76357658724614
53.78,2.25514525457549,9.53435754493468,2.24970837498564,2.7720521987467,2.08771103340721,3.533797267477,1.02962642572039,9.51753153557943,2.78172428755634
53.8,2.01506156494999,9.576778459614,2.84476031652168,2.82916699705153,1.49270193811719,3.43916247441685,1.34295155011256,9.587498672144,2.80526018322176
53.82,1.72376438081191,9.64814795759555,3.52835289778226,2.83176027627139,0.918643085534998,3.19638380410436,1.77519739421681,9.65404077846818,2.83629881915435
53.84,1.5771453987082,9.71791257552529,2.9465721486571,2.86591272047293,1.96774818046318,2.91449211014231,2.22365257663089,9.71512345187285,2.87635013509822
53.86,1.50917657429479,9.76601084354183,2.07611657583504,2.91047020348991,2.77222051342734,2.6886842877557,2.59195617291206,9.77101513784256,2.92469160737034
53.88,1.5,9.80095723855869,2.94500864212575,2.97680154101002,2.98719545899675,2.55780091585491,2.83415642412205,9.82331338900665,2.97917904653751
53.9,1.5,9.88381118922686,3.26850065480282,3.02995802184978,2.55088815995003,2.52681400918976,2.93830928294941,9.87400312669111,3.03712696835002
53.92,1.5,9.93169726475081,2.82434471275521,3.07883706740802,2.37949190476615,2.56585607551574,2.92972059817641,9.92486814462249,3.09594394463477
53.94,1.5,9.99678497773707,2.59715844759296,3.12513769804043,3.16504446741448,2.64796710235064,2.83479229495186,9.97693069560375,3.1537338413942
53.96,1.5,10.0355836026545,2.7753637492927,3.2054388461046,3.57214936133946,2.74583999018884,2.68263493318988,10.0308627373025,3.20898116262409
53.98,1.5,10.1077995277088,3.12993442964364,3.26802367249401,1.92345474025116,2.84512086846801,2.49105270548785,10.0867728624928,3.26077723632607
54,1.5,10.1607809798403,3.14740421202089,3.28237703571465,1.98451365980074,2.93709033112514,2.27268143364372,10.1446062542296,3.30845677176991
54.02,1.5,10.2336956961896,2.2575199030971,3.34740421888604,3.0091142386601,3.01879934221043,2.0345972377937,10.2041796828826,3.35156190698038
54.04,1.5,10.2510817759642,2.03123479271823,3.40274160526105,1.54118210361357,3.08992596077259,1.78126566342178,10.2652879263213,3.38973853657635
54.06,1.5,10.3149450878983,3.60810230390682,3.40905150303058,1.17820002461406,3.15211432840739,1.51518030334422,10.3277051043788,3.42274007853905
54.08,1.5,10.3954058681204,3.60910542048307,3.44986960624562,1.44936233344222,3.20671637444722,1.23909102893775,10.391265771514,3.45033910817194
54.1,1.5,10.4593093047177,3.2771807350588,3.46702599636827,0.466608907976207,3.25413332849062,0.956665057093686,10.4558783373211,3.47231208829007
54.12,1.5,10.5264930975228,3.28687446234039,3.46853396256466,1.12010201359362,3.29553778436286,0.670780209967866,10.5214205311198,3.48855093465233
54.14,1.5,10.5907842832113,3.63943100044648,3.51183007691201,0.0834525299543754,3.33289731409278,0.383499018518172,10.5877373607851,3.49906523499233
54.16,1.5,10.6720703375406,3.79262338701962,3.47187206376284,-0.731079169873161,3.36660147020368,0.0982715387329941,10.6547513087404,3.50386525548192
54.18,1.5,10.7424892186921,3.47548318882711,3.48258691011709,0.507769069747011,3.39623338230093,-0.180732698665235,10.7223966445211,3.50301913311642
54.2,1.5,10.8110896650937,2.93241503721888,3.49218282655272,0.321623324843534,3.42136134938594,-0.449554408977069,10.7905724757585,3.49670300447804
54.22,1.5,10.8597858201808,3.16543609902578,3.49545184311083,-0.329905657129048,3.44059844672687,-0.703627778066532,10.8591896314064,3.48515368249535
54.24,1.5,10.9377071090548,4.33191797453576,3.47898660026756,-0.981755634437742,3.45127539953644,-0.937461842634559,10.9281699508262,3.46865983289567
54.26,1.5,11.0330625391623,3.35175769231038,3.45618161773332,-1.47966456718533,3.45224362054633,-1.14721592090701,10.9972804473374,3.44771429979943
54.28,1.5,11.0717774167472,3.0817928475364,3.41980001758014,-1.09980763363678,3.4425413224315,-1.32956837016407,11.0662400790491,3.42290659884006
54.3,1.5,11.1563342530637,3.15077285015186,3.41218931238785,-1.03250217186045,3.41953864789123,-1.48002472935089,11.1348163538775,3.39482008127766
54.32,1.5,11.1978083307532,3.43422611951691,3.37849993070573,-1.89579179903905,3.37889822887596,-1.59287351357582,11.2028231799097,3.36403237808773
54.34,1.5039543800998,11.2937032978444,2.94562960672011,3.33635764042629,-1.52790825589381,3.32166606102199,-1.66779044133629,11.2699181723978,3.33129646355438
54.36,1.5379387923065,11.315633515022,2.89592280966997,3.31738360046997,-1.59236915978354,3.26547385704429,-1.72034002290553,11.3357608352289,3.29740230135653
54.38,1.62242737271225,11.4095402102312,4.10835112817738,3.27266287403495,-2.68691404131464,3.23526153003127,-1.77307784390973,11.4006340075075,3.26256015871879
54.4,1.7568968754274,11.4799675601491,3.56693934142456,3.20990703881739,-1.80219094113537,3.26050657812215,-1.85282832658366,11.4654207342739,3.22642126603236
54.42,1.88811780959404,11.5522177838882,2.27303369908753,3.20057523638953,-1.78639468220768,3.33094950310928,-1.94834458319669,11.5312944432957,3.18840189304904
54.44,1.96662771803146,11.5708889081126,2.84482314748566,3.13845125152908,-2.57986908138901,3.39797343024231,-2.01202656695296,11.5986891812299,3.14864878240703
54.46,1.9954117128526,11.6660107097876,4.08598750723734,3.09738047313397,-1.96174851891368,3.41818773020653,-2.00220078491452,11.6669424483931,3.1083715441437
54.48,2,11.7343284084021,3.41221832251271,3.05998131077253,-1.85562501264711,3.38818561148324,-1.91665750764505,11.7350622868954,3.0690837284088
54.5,2,11.8024994426881,3.54090405378211,3.02315547262809,-1.58549039860524,3.32608096602612,-1.77436218492739,11.8021617969049,3.03216725004023
54.52,2,11.8759645705534,3.21360618463826,2.99656169482832,-1.4342844039671,3.24996900447673,-1.5951016080707,11.8679925265385,2.99837253128727
54.54,2,11.9310436900736,3.44465251974557,2.9657840964694,-0.96059867340923,3.17769729069798,-1.39781271672936,11.9322818926567,2.96839913498358
54.56,2,12.0137506713432,2.80305754079699,2.95813774789195,-0.75968119897446,3.11472224940521,-1.19044272235373,11.9951884555444,2.94250421205012
54.58,2,12.0431659917055,2.47894406229427,2.93539684851042,-0.954072715402021,3.06297827626994,-0.977802369978827,12.0569481535072,2.9208143999551
54.6,2,12.112908433835,3.89859512142037,2.91997483927587,-0.756454841850485,3.02316324511714,-0.763591373445854,12.1177941746821,2.90339563757074
54.62,2,12.1991097965623,2.19611268490141,2.9051386548364,-0.811977863142332,2.99506201409876,-0.550777366416918,12.1779588525606,2.8902550118659
54.64,2,12.2007529412311,1.91330874995641,2.88749572475018,-0.950508417700546,2.97793932120685,-0.34184266669184,12.2376664997123,2.88134237205131
54.66,2,12.2756421465606,3.56360476806046,2.86711831812838,-0.317783499399849,2.97052662079068,-0.138740510975995,12.2971358500693,2.87654809225382
54.68,2,12.3432971319535,3.7828025636701,2.87478438477419,-0.0100531305108897,2.97197202651376,0.0562627901815841,12.3565500844076,2.87573469749092
54.7,2,12.4269542491074,3.63577263821599,2.86671619290795,0.335101298164664,2.98158552075189,0.240824650463601,12.4160736132857,2.87872283117443
54.72,2,12.4887280374821,3.07805915904629,2.88818843670077,0.324437380125031,2.99856128838938,0.412938881191183,12.4758604618439,2.88528636821507
54.74,2,12.5500766154692,2.94387246195651,2.87969368811295,0.83054719036848,3.02199917615535,0.570927075324733,12.5360532733951,2.89515370125448
54.76,2,12.6064829359604,3.49929710867625,2.92141032431551,1.07739504296152,3.05148259061508,0.712913987074327,12.5967640540274,2.9080351585595
54.78,2,12.6900484998163,3.26159676409929,2.92278948983141,-0.299181944214799,3.08609702928291,0.837672800495863,12.6581188845659,2.92358237723357
54.8,2,12.7369468065244,2.35370587254509,2.90944304654692,1.46906635360574,3.12490120888654,0.944344381754994,12.7202284731511,2.94142622811262
54.82,2,12.7841967347181,2.69546652928998,2.98155214397564,1.85490709544196,3.16746145307184,1.03199603020438,12.7831647887199,2.96120478851199
54.84,2,12.844765467696,3.16217067204034,2.9836393303646,-0.0782272371791737,3.21372233978497,1.09971898795752,12.8469673030273,2.98256080132532
54.86,2,12.9106835615997,3.23087492968943,2.97842305448847,1.1768841553625,3.26249553070948,1.14791835447703,12.9117039333964,3.00509401610339
54.88,2,12.9740004648835,2.81400899604396,3.0307146965791,1.97693775026315,3.31212314094241,1.17777794376935,12.9774395437477,3.0283897953022
54.9,2,13.0232439214415,3.40119392923248,3.057500564499,1.37577392730779,3.36168283295591,1.19012010967011,13.0441945392131,3.05207877457675
54.92,2,13.1100482220528,4.30105906567722,3.08574565367141,1.50750386474977,3.41101216743822,1.18537724512434,13.111944447829,3.07583879803858
54.94,2,13.1952862840686,3.66790144970111,3.11780071908899,1.21507576938563,3.46029127792901,1.16391379618413,13.1806392343516,3.09937888749956
54.96,2,13.2567642800409,2.23232787340666,3.13434868444684,0.775503325682769,3.50781769200476,1.12802320781213,13.2502905004993,3.12235555256811
54.98,2,13.2845793990048,4.09650725739756,3.1488208521163,1.00091042482888,3.55213071944486,1.07997484013376,13.3208939656149,3.14445538926719
55,2,13.4206245703368,4.33993790087492,3.17438510143999,0.83815094605989,3.59326067775379,1.02075425388648,13.3923897117295,3.16544251730499
55.02,2,13.4581769150398,2.63242386869855,3.18234688995869,0.846562378637894,3.63258938573468,0.950191666127347,13.4646672992675,3.18515364245901
55.04,2,13.5259215250847,3.98140406568981,3.20824759658551,0.159089168432214,3.66963978458785,0.869960153306219,13.5376826086376,3.20338193131938
55.06,2,13.6174330776674,4.21163341167881,3.18871045669598,1.18541257014009,3.70333477731044,0.782385049125644,13.6114138968687,3.21992061591289
55.08,2,13.6943868615519,4.25653312307346,3.25566409939111,0.647427681046508,3.73367223721885,0.688808531223341,13.6858010488789,3.234629152218
55.1,2,13.7876944025903,4.1218664991526,3.21460756393784,-0.338778915574223,3.76130199726813,0.589977315296235,13.7607607826526,3.24741885323449
55.12,2,13.859261521518,3.03036214451935,3.24211294276814,1.43236118344797,3.78604794034377,0.487452495393135,13.8362393824755,3.25819786007585
55.14,1.95133883107583,13.9089088883711,3.99801052525399,3.27190201127576,0.484115404061058,3.79874699479283,0.391334110632553,13.9121537120398,3.26692993587581
55.16,1.70535462571156,14.0191819425281,4.14615512163099,3.26147755893058,-0.401161145489093,3.69299334628903,0.402917102707892,13.9873884977265,3.27458100573566
55.18,0.898153645589719,14.0747550932364,2.20184451255507,3.2558555654562,0.547189929611025,3.2486363846719,0.725954834954112,14.0576214319652,3.28512070445754
55.2,-0.18222295772504,14.1072557230303,1.10457851126879,3.28336515611502,2.26466744525458,2.26052170947402,1.53845023986994,14.1137905777238,3.30680764895834
55.22,-1.4930602863464,14.1189382336871,0.809930637629463,3.34644226326638,3.62426684109054,0.862652802197079,2.6850029032173,14.145294582775,3.34889881564302
55.24,-2.19964946228317,14.1396529485355,0.186639005529443,3.42833582975865,3.23333442736307,-0.437351164503523,3.66272730435997,14.1489490295231,3.41307434470697
55.26,-2.45870541567344,14.1264037939083,-1.47712245105249,3.4757756403609,3.68793788531344,-1.29973926818814,4.150611664788,14.1308240702179,3.49203848747562
55.28,-2.5,14.0805680504934,-1.80265275201124,3.57585334517118,5.09481411415774,-1.75842384949758,4.19566439791122,14.0997014133427,3.57610731272057
55.3,-2.5,14.0542976838278,-1.22891059696815,3.67956820492721,3.82726749866736,-1.96765134225953,3.95561334163472,14.0621538726088,3.65796475811299
55.32,-2.5,14.0314116266147,-1.3647297644853,3.72894404511788,3.43998071828571,-2.07421087004078,3.57264802528224,14.021648882296,3.73340628370863
55.34,-2.5,13.9997084932484,-2.61848584805189,3.81716743365864,3.35297225980202,-2.14899410178138,3.11749015526346,13.9793890003426,3.8003974651489
55.36,-2.5,13.9266721926926,-2.83917922209858,3.86306293550996,2.3061502025013,-2.22159412170023,2.62286027407485,13.9356977896791,3.85784821430294
55.38,-2.5,13.8861413243645,-1.36209168723802,3.90941344175869,1.72678411735551,-2.30243409131728,2.10524177054931,13.8904689480495,3.90516045378521
55.4,-2.5,13.8721885252031,-1.83212206057162,3.93213430020418,1.49099519078947,-2.39366085485438,1.57417681933307,13.843523685919,3.94197265910565
55.42,-2.5,13.8128564419416,-3.37217755471957,3.96905324939027,0.905455560776147,-2.49313587282586,1.03606286923456,13.7946673311774,3.96808668215999
55.44,-2.5,13.7373014230143,-4.34998394269019,3.96835252263523,0.132088002291253,-2.59735034635561,0.496372907121372,13.7437668020835,3.98341000569798
55.46,-2.5,13.638857084234,-2.95117216038641,3.97433676948192,0.560201559022533,-2.70255887151601,-0.0398505785098238,13.6907655637698,3.98796042502319
55.48,-2.5,13.6192545365989,-1.78998358291191,3.99076058499613,0.475624984102463,-2.80507888722362,-0.567804807080083,13.6356882392894,3.98186024338778
55.5,-2.5,13.5672577409175,-3.00566525293648,3.99336176884602,-1.62230445666376,-2.90260005086146,-1.08201366365938,13.5786165016902,3.9653255784446
55.52,-2.5,13.4990279264814,-3.37489469097818,3.92586840672958,-2.52850961094749,-2.99191824891405,-1.57796615133911,13.519646115097,3.93869806775744
55.54,-2.45674562762296,13.4322619532784,-2.08178507822354,3.89222138440812,-1.93014984006163,-3.06913231063084,-2.05231561587817,13.4589986639116,3.90236391724081
55.56,-2.19648966154799,13.4157565233525,-2.60323805400784,3.84866241312711,-1.50213085873974,-3.09239896258444,-2.52979004670447,13.3971873587811,3.8566081511981
55.58,-1.52058101830197,13.3281324311181,-3.05069623430354,3.83213615005853,-2.70624545226639,-2.91274346647339,-3.12369294607167,13.3366579358497,3.80040288295848
55.6,-0.444824996580824,13.2937286739803,-1.84245693226925,3.74041259503646,-4.83397649338446,-2.36214091484437,-3.97958984382418,13.2831485000677,3.72993855335632
55.62,0.515509761921184,13.2544341538273,-0.499823360179175,3.63877709032315,-5.53727028075512,-1.31868807617846,-5.22161031619031,13.2455546166268,3.63855908464651
55.64,1.23302174425171,13.2737357395732,0.202773197600692,3.51892178380625,-7.02088477739163,0.155609121111469,-6.81326214272829,13.2334378142574,3.51858474061756
55.66,1.45167437124217,13.2625450817314,0.851558179862355,3.35794169922749,-8.53669164156961,1.65797911983528,-8.37009264087727,13.2519967689866,3.36621676889052
55.68,1.5,13.3077980667676,1.64409021055443,3.17745411814347,-8.45257357792025,2.46891953304768,-9.16144949603425,13.2950720197539,3.18895370664195
55.7,1.5,13.3283086901535,1.59476038776001,3.01983875611068,-8.74299224916262,2.22101208345423,-8.79875024798436,13.3433012196188,3.00784265410891
55.72,1.5,13.371588482278,2.1429792866551,2.82773442817696,-8.08928495356411,1.56108482356976,-7.91845806639046,13.3812492879895,2.84036932555469
55.74,1.5,13.4140278616197,0.63621966684928,2.69626735796811,-6.99067163756543,1.00731084955284,-7.03508557944079,13.4066152530605,2.69097140120262
55.76,1.5,13.397037268952,1.01646859916076,2.54810756267434,-6.74580353358724,0.641557012882735,-6.23462885067507,13.4228383442981,2.55838049358215
55.78,1.5,13.4546866055862,0.949137218624463,2.42643521662462,-5.02712509709335,0.427883925958145,-5.48940214202622,13.4332949307316,2.44121708482111
55.8,1.5,13.435002757697,0.953874256529241,2.34702255879061,-4.73380634860956,0.324066816230239,-4.76881159526486,13.440661227685,2.33865698944491
55.82,1.5,13.4928415758473,0.288616212156967,2.23708296268024,-5.03194838057667,0.301200726515242,-4.0554092854158,13.4467947305186,2.25041936353654
55.84,1.5,13.4465474061833,-1.47278897800454,2.14574462356754,-2.90459507758817,0.33774462295581,-3.34012292752857,13.4531010220476,2.17645597470029
55.86,1.5,13.4339300167272,0.65352342593461,2.12089915957672,-2.15958021036672,0.417065839763325,-2.61941462466944,13.4605906885308,2.11685077994778
55.88,1.5,13.4726883432207,0.276746287439122,2.05936141515287,-2.1673432724223,0.524862679860399,-1.89280743552379,13.4699710639345,2.07172026578232
55.9,1.5,13.4449998682247,0.330782871385171,2.03420542867982,-0.482050676580881,0.648142309137213,-1.16172125235752,13.4816932741024,2.04116597656153
55.92,1.5,13.4859196580761,1.86724203881918,2.04007938808964,0.0417521083339922,0.775027785172728,-0.428761945350776,13.4959290761926,2.02525956881229
55.94,1.5,13.5196895497775,0.724066257988376,2.03587551301318,0.869904658979126,0.894713486145022,0.303083947580109,13.5126400321526,2.02401057337054
55.96,1.5,13.5148823083956,0.688566400018065,2.0748755744488,1.25636909958471,0.997500076897952,1.03067330970588,13.5316022347806,2.0373550562004
55.98,1.5,13.5472322057782,1.54471627099322,2.08613027699657,1.03518232926495,1.07527519855467,1.75096579353092,13.5523983228773,2.06517013577844
56,1.5,13.5766709592353,1.98090187098154,2.1162828676194,1.73780788824158,1.12192359696809,2.46088826243578,13.5744241357252,2.10730538527007
56.02,1.5,13.6264682806175,0.868542786873583,2.15564259252623,2.03182818918227,1.1335276847846,3.15682438242868,13.5970222191108,2.16352090323823
56.04,1.5,13.6114126707103,-0.110897882925931,2.19755599518669,3.82223872944979,1.10839570412168,3.83458384185841,13.6194946892902,2.23348029868349
56.06,1.5,13.6220323653004,0.888742082164695,2.30853214170423,5.96392786989809,1.04877914011567,4.48729770933588,13.641194095994,2.31666704646611
56.08,1.5,13.6469623539969,1.4298884290338,2.43611310998262,6.07691444636156,0.961316047098257,5.10481838117138,13.6613488191222,2.41263946512263
56.1,1.5,13.6792279024618,1.09413609258056,2.55160871955869,5.16334488908259,0.866213115493168,5.66307402847962,13.6795125724062,2.52055407963718
56.12,1.5,13.6907277977001,1.27933795865678,2.64264690554592,5.31749883243614,0.805410502804755,6.11437535480431,13.6960958733421,2.63859216532116
56.14,1.46755922071722,13.7304014208081,0.589803830824609,2.76430867285613,5.74185544701837,0.841150760840275,6.38863894881693,13.7123792854005,2.76394529280044
56.16,1.30356975047437,13.7143199509331,-0.499918682835299,2.87232112342666,6.15772992048729,0.989801228281989,6.45379310249588,13.7305610541681,2.89267440459172
56.18,0.765435763726479,13.7104046734946,1.84956192720844,3.01061786967563,6.750001558868,1.09188480639648,6.45045755431803,13.7516637267184,3.02163261733325
56.2,0.0451846948499734,13.7883024280214,1.53027745894869,3.14232118578138,6.33672411331461,0.896482651710161,6.62022893910203,13.7722031400074,3.15189692874072
56.22,-0.828706857564269,13.7716157718526,0.819045456621614,3.26408683420821,7.45256008686821,0.459363711396296,6.90411353210407,13.7859200846975,3.28719660534188
56.24,-1.29976630818878,13.8210642462863,0.844009964096148,3.4404235892561,7.16614160254549,0.0967066725381834,6.98908749473009,13.7911563214956,3.42665066467137
56.26,-1.47247027711563,13.8053761704164,-0.460473385304772,3.55073249831003,7.15176602013804,-0.0459515454305065,6.74664551167405,13.7913053274832,3.56452616483015
56.28,-1.5,13.8026453108741,-0.376546452470672,3.72649423006163,5.9038692016067,-0.0416744463170089,6.26823925949235,13.7902931190415,3.69494979445317
56.3,-1.5,13.7903143123176,-1.31840888091488,3.7868872663743,4.75845382947267,-0.00320602112616572,5.6751566055613,13.7898570380505,3.81450220860397
56.32,-1.5,13.7499089556375,-0.0644759590599175,3.91683238324053,5.75748718599705,0.00922359774674006,5.03178930878783,13.7899813797214,3.92163002839363
56.34,-1.5039543800998,13.7877352739552,0.515461255171523,4.01718675381418,5.15169628153992,-0.0205008727440323,4.36058302153547,13.7899429054198,4.01559012700648
56.36,-1.5379387923065,13.7705274058443,0.264081730394183,4.12290023450213,4.40066914177752,-0.0960084702278315,3.6720747065227,13.7888556472035,4.09593863331986
56.38,-1.62242737271225,13.798298543171,-0.50735951678722,4.19321351948528,2.54441086923423,-0.22064735233019,2.97502652890212,13.7857734295363,4.16241734004402
56.4,-1.7568968754274,13.7502330251729,-0.783672839834448,4.2246766692715,1.47948595724194,-0.39555677465971,2.27619593394191,13.7796894085676,4.21493009369156
56.42,-1.88811780959404,13.7669516295776,-0.0268998239347784,4.25239295777496,1.78184578428267,-0.613061002907518,1.5783220569621,13.7696616500853,4.25347339219645
56.44,-1.96662771803146,13.7491570322155,-1.36002495955401,4.2959505006428,1.77849357313784,-0.851592896365256,0.879591059678815,13.755023448876,4.27805798804915
56.46,-1.9954117128526,13.7125506311954,-1.03866837297635,4.32353270070047,-0.0893271984581334,-1.08566330632915,0.178173255681013,13.7356280734774,4.28863913885905
56.48,-2,13.7076102972964,-0.582536351983531,4.29237741270448,-1.02246663587915,-1.29780294281751,-0.52426380515107,13.7117507933119,4.28517557337043
56.5,-2,13.6892491771161,-1.63758314639892,4.28263403526531,-1.36115796351144,-1.4790663804681,-1.22340100064583,13.6839204547893,4.26769304496456
56.52,-2,13.6421069714405,-1.40873711108265,4.23793109416402,-3.01094264410482,-1.62524224629464,-1.91423142626627,13.6528110245636,4.23630600111929
56.54,-2,13.6328996926728,-1.39649233819217,4.16219632950111,-3.12285146616134,-1.73389686988519,-2.59191367089753,13.6191625061247,4.19121722847487
56.56,-2,13.5862472779128,-2.13485348539253,4.11301703551757,-3.34121523389772,-1.8044718333332,-3.2513992909613,13.5837207699249,4.1327420556738
56.58,-2,13.5475055532571,-2.59590988720926,4.0285477201452,-4.23668803428724,-1.8386080605611,-3.88699602430886,13.5472067180036,4.06133921535813
56.6,-2,13.4824108824244,-1.61036293283332,3.94354951414608,-3.71109280026738,-1.84138605656212,-4.49059771974274,13.5102590361551,3.97762149706444
56.62,-2,13.4830910359438,-0.335436816458179,3.88010400813451,-3.44213989026324,-1.82143878471196,-5.05168133463325,13.4736449317206,3.88207159074837
56.64,-2,13.4689934097661,-1.44578981711541,3.80586391853555,-5.23770433373433,-1.7998368792317,-5.54584397079821,13.4375709614018,3.77582318186975
56.66,-2,13.4252594432591,-2.4995908226396,3.67059583478514,-5.94238238657966,-1.81128014955819,-5.93324231557517,13.4015798477038,3.66077624580676
56.68,-2,13.3690097768605,-2.66939720398001,3.56816862307236,-5.66452445376553,-1.90409758034402,-6.1585926418227,13.3645504789347,3.53959704785562
56.7,-2,13.3184835550999,-2.32569555907327,3.44401485663452,-6.3975147155383,-2.13193676748788,-6.15915741290693,13.3244618939757,3.41598747889336
56.72,-2,13.2759819544976,-2.87978904036859,3.31226803445083,-6.97288472979419,-2.49980530026698,-5.92159715280289,13.2783185794908,3.29484210677058
56.74,-1.95133883107583,13.2032919934852,-1.80663256447366,3.16509946744275,-6.47980043749554,-2.92734418824677,-5.52819936887471,13.2240139872935,3.18022462872856
56.76,-1.65855086924149,13.2037166519186,-2.93587456757454,3.05307601695101,-5.53250987772131,-3.14894739570069,-5.25055700320089,13.162728541565,3.07281088056904
56.78,-0.898153645589719,13.0858570107822,-3.92815037176071,2.94379907233389,-4.20553220977632,-3.00676614352043,-5.2457875858984,13.100190108579,2.96864495885109
56.8,0.18222295772504,13.0465906370482,-1.70616163354134,2.88485472855996,-4.4948110309015,-2.30789894297149,-5.67019817327116,13.0463896722939,2.85991163301445
56.82,1.4930602863464,13.0176105454406,-2.13224614742371,2.76400663109783,-6.57243818512575,-1.41576541327887,-6.14410265496228,13.0090392198765,2.74161981587959
56.84,2.1528457058131,12.9613007911512,-0.954665884821049,2.62195720115493,-7.51697290051706,-0.615737154296857,-6.38615808963265,12.9892326441057,2.615634771826
56.86,2.45870541567344,12.9794239100477,-0.403547016301742,2.46332771507715,-5.98188157073536,-0.110452196121938,-6.24298958124399,12.9823521662941,2.4888253131913
56.88,2.5,12.9451589104992,-0.247345338156313,2.38268193832551,-4.9224841720223,0.208802870866227,-5.84348533211369,12.9835733776196,2.36762014175059
56.9,2.5,12.9695300965215,1.65598565966345,2.26642834819626,-5.55307439572165,0.434529509940908,-5.29046428859847,12.9900851806291,2.2561015612367
56.92,2.5,13.0113983368857,1.40917792585222,2.16055896249665,-5.47040503477565,0.640416515050829,-4.65674084940608,13.0008343845471,2.15652939707106
56.94,2.49459320345287,13.0258972135556,0.40427106924108,2.04761214680523,-4.70974501573327,0.855779021598484,-3.97541602716669,13.0157690164523,2.0701450245198
56.96,2.4620612076935,13.0275691796553,0.475940932130214,1.97216916186732,-2.84149009817468,1.08415006662624,-3.26073868282204,13.0351507913573,1.99773445580818
56.98,2.38875171664164,13.0449348508408,0.761750391460669,1.93395254287825,-1.25129422311951,1.31509647530648,-2.51971144493892,13.0591548445379,1.93989047712569
57,2.2431031245726,13.0580391953138,1.84860747936439,1.92211739294254,-1.65861641558028,1.53251874998887,-1.75742991466916,13.0876679188322,1.89708694565435
57.02,2.12306127975985,13.1188791500153,2.15577749731573,1.86760788625504,-1.86809277496252,1.72216375218518,-0.979610462670583,13.1202505023718,1.86969732247802
57.04,2.03337228196854,13.1442702952064,1.76774909335911,1.84739368194403,0.169176514553432,1.88266794400324,-0.194868298428285,13.1563496753141,1.8579471882909
57.06,2.0045882871474,13.1895891137497,2.34488621498561,1.87437494683717,1.21473146975696,2.01647505552678,0.588754661693076,13.1953956699116,1.86189528819444
57.08,2,13.2380657438058,2.13297491991007,1.89598294073431,1.06922608105701,2.12382732208374,1.36564639998983,13.2367683634646,1.88149849870858
57.1,2,13.2749081105461,2.05383472664611,1.91714399007945,1.69010355516028,2.20373846489694,2.12935539178859,13.2800648234856,1.9164816100144
57.12,2,13.3202191328717,2.04542598627455,1.96358708294072,2.69253958701895,2.25105309429107,2.87655498093475,13.3247425600673,1.96652046873806
57.14,1.97296601726435,13.3567251499971,2.27664975542123,2.02484557356021,3.62014891229401,2.25138770713959,3.6102921187523,13.3699187967311,2.03137665517601
57.16,1.83630812539531,13.4112851230885,2.48717285052287,2.10839303943248,4.26249235642731,2.18113068686466,4.33998736404158,13.4143704704272,2.11089748329492
57.18,1.38786313643873,13.456212064018,2.18227849452206,2.1953452678173,6.23063426843842,1.9902730470763,5.0926335081948,13.4563798088987,2.20512986149512
57.2,0.787653912374978,13.4985762628694,0.999389792356986,2.35761841017002,5.48300943754949,1.57204180726903,5.94554317065192,13.4924477761623,2.31527798098161
57.22,0.0594109520297758,13.4961876557123,0.341104881925514,2.41466564531928,5.74978277270221,0.848232690722917,6.97764803850975,13.5172180083834,2.44414462383691
57.24,-0.333138590157318,13.5122204581464,0.668316029727301,2.58760972107811,8.82139084677932,-0.199724992516097,8.22915890706077,13.5241572615006,2.59590102363296
57.26,-0.477058564263023,13.5229202969014,-0.874906329818348,2.76752127919046,10.1953800515049,-1.37168358118337,9.53148344401069,13.5083360893424,2.77372398875612
57.28,-0.5,13.4772242049537,-1.19385961845317,2.99542492313831,10.5564140002037,-2.09404721947598,10.3158251024412,13.4722410889837,2.97376264177274
57.3,-0.5,13.4751659121633,-1.4116604706599,3.1897778391986,9.30417032426781,-1.70778887288359,9.89526982618263,13.432354057023,3.17793623934256
57.32,-0.5,13.4207577861273,-1.6148673149909,3.36759173610902,8.62940634059548,-0.716280200952282,8.74644503354451,13.4080082275066,3.36466689422756
57.34,-0.480228099501016,13.4105712195636,-0.52923566495906,3.53495409282242,6.90347393054778,0.0925608444139251,7.65998036233638,13.4022812558909,3.52841205440439
57.36,-0.310306038467495,13.3995883595289,0.363522508785685,3.64373069333093,7.1773038025557,0.645218927325448,6.72503350346081,13.4099745068293,3.67210135052946
57.38,0.112136863561267,13.425112119915,0.759310576165229,3.82204624492465,7.20552524227396,1.0832823755911,5.8296793833916,13.4273278374116,3.79767142561471
57.4,0.784484377136985,13.4299607825755,1.15725495309138,3.93195170302189,4.68046554167963,1.52381528796603,4.8981691538161,13.4533493240892,3.90502471599212
57.42,1.44058904797022,13.4714023180387,2.53448713260904,4.00926486659184,3.2764071888055,1.99439542783256,3.93327706483503,13.4885135066212,3.99335505049249
57.44,1.83313859015732,13.5313402678799,2.68414552613954,4.06300799057411,2.77812138498605,2.44331144783132,2.98499564699876,13.5329431340726,4.06249206652872
57.46,1.97705856426302,13.5787681390843,3.05974870313115,4.12038972199128,1.9298975484294,2.83221100083149,2.08169027182949,13.5858455844809,4.11305721316075
57.48,2,13.6537302160051,3.27900104649408,4.14020389251128,1.75606129416528,3.13776383184033,1.23524014136136,13.6456669997388,4.14614331211879
57.5,2,13.709928180944,3.56724000163386,4.19063217375789,0.977050706743365,3.38004826082931,0.433753062599311,13.7109301795307,4.16276781188217
57.52,2,13.7964198160705,4.15424525934358,4.17928592078102,-0.347657881949548,3.58884023248885,-0.33620681581489,13.7806158073337,4.16373480744246
57.54,2,13.8760979913178,3.11294612548894,4.17672585847991,-1.72428221736369,3.78621766207431,-1.0805495733351,13.8543399983436,4.14956225415034
57.56,2,13.9209376610901,2.57338869293995,4.11031463208647,-2.60517963124753,3.98897053905418,-1.80117258108026,13.9320948062498,4.12068705399123
57.58,2,13.9790335390354,3.78299984729269,4.07251867323001,-1.71159161924648,4.21029743183867,-2.49817084200601,14.0140858197985,4.07760891114912
57.6,2,14.0722576549818,5.52867930947736,4.04185096731661,-3.11449947817773,4.45927854358812,-3.16953099015333,14.1006879702109,4.02092149006917
57.62,2,14.2001807114145,4.54802934596428,3.9479386941029,-3.95025626342197,4.7398531995721,-3.81047645517735,14.1925088217937,3.95118818504946
57.64,2,14.2541788288203,4.83907469393019,3.88384071677973,-4.05557430950995,5.0472716742889,-4.41049831687739,14.2903987831087,3.86887750253499
57.66,2,14.3937436991717,5.88337141979878,3.7857157217225,-5.59484061094574,5.35779849602611,-4.94667654965654,14.3945779064086,3.77507108123599
57.68,2,14.4895136856123,5.62702927853329,3.6600470923419,-5.34968542112695,5.62791525120418,-5.38318854810491,14.504562705685,3.67152215085974
57.7,2,14.618824870313,6.49684760617313,3.57172830487742,-5.40475285319887,5.78842057326657,-5.66439087926785,14.6190519578304,3.56065519378327
57.72,2,14.7493875898592,5.69684094224963,3.44385697821395,-6.27432667050981,5.74192092417958,-5.70791767318507,14.73473648385,3.44650519881628
57.74,1.95674562762296,14.846698508003,4.97176692273582,3.32075523805703,-5.05794100892354,5.42795637717217,-5.46080467794152,14.8468619005795,3.33435820479321
57.76,1.69648966154799,14.9482582667686,4.42767188638959,3.24153933785701,-4.09727948463263,4.81515156151074,-4.89136817963619,14.9496885992337,3.23039126798521
57.78,1.02058101830197,15.0238053834586,3.7676932501618,3.15686405867172,-4.10374050382307,3.84588743201558,-3.94079075895372,15.0372014299677,3.14113767518058
57.8,0.0602462597999646,15.0989659967751,3.47757265155755,3.07738971770408,-2.56893109813506,2.41387998961453,-2.50643874244301,15.1001896789629,3.07622777463897
57.82,-1.10494247675236,15.1629082895209,0.604390222537354,3.05410681474632,-1.07765052456544,0.757244903802891,-0.832355862173316,15.1323167578553,3.04242530842236
57.84,-1.6914184051672,15.1231416056766,-1.97689537347188,3.03428369672147,0.961826180572867,-0.824020881871131,0.768557157711861,15.1311149696951,3.04232556241501
57.86,-1.96329370282084,15.083832474582,-1.52322732822454,3.09257986196924,1.92264917199244,-2.01373138799253,1.96703888568209,15.1020066463575,3.07044404078047
57.88,-2,15.0622125125476,-1.94417778121365,3.11118966360116,1.60695703180318,-2.72874321032535,2.66845134857379,15.053826323398,3.11759909977861
57.9,-2,15.0060653633335,-3.25996952246248,3.15685814324136,3.20082410225522,-3.05574775058382,2.95150210148806,14.9955248365059,3.17431772007598
57.92,-2,14.9318137316491,-4.20770952744887,3.23922262769137,3.60821173332151,-3.13591121583816,2.95365291761539,14.9332677870127,3.23376465006981
57.94,-1.96215242417009,14.8377569822355,-2.86353645600941,3.30118661257422,2.79085105967718,-3.0786702731226,2.78229792801556,14.8708738224583,3.2914267807656
57.96,-1.73442845385449,14.8172722734088,-1.95973718524081,3.35085667007846,1.87572023507676,-2.91716381821092,2.47298618169164,14.8106979482431,3.34424606078845
57.98,-1.2212620164915,14.7593674948259,-2.06578735417313,3.37621542197729,1.6984377131448,-2.50456823961627,1.89347076399816,14.7560451355781,3.38837058778683
58,-0.201721872008221,14.7346407792418,-0.931674602117516,3.41879417860425,2.13875170344224,-1.74504348697922,0.964560438949621,14.7128697756744,3.4176172486902
58.02,0.638571041681036,14.7221005107412,-1.44390852601144,3.46176549011498,0.277972076875732,-0.629926020599027,-0.305705848775526,14.6888358806577,3.42446819188604
58.04,1.26639402622024,14.6768844382014,-0.426280857983707,3.42991306167928,-2.43084763936917,0.569380774714489,-1.64247798349761,14.6883117808685,3.40487172079172
58.06,1.46788198996823,14.7050492764218,2.17134109644777,3.36453158454022,-3.0431900271859,1.58301810275196,-2.77142824916133,14.7102717327642,3.36024966813045
58.08,1.5,14.7637380820593,1.97780266063794,3.30818546059184,-3.37954995582554,2.27544681547764,-3.54580550739704,14.7494657053363,3.29640382338912
58.1,1.5,14.7841613828474,2.07665762386857,3.2293495863072,-4.12748299360011,2.61016973206881,-3.91957931488101,14.7988773267464,3.22111611336225
58.12,1.5,14.846804387014,3.55029055193499,3.14308614084784,-4.32680965628042,2.66189199966224,-3.96022735624949,14.8519319065174,3.14189166683959
58.14,1.51081359309426,14.9261730049248,3.11210791664811,3.05627720005598,-3.65478361486521,2.53751582092372,-3.77224588299704,14.9041608886738,3.06424831225209
58.16,1.56547674984188,14.97128870368,2.17217988380507,2.99689479625323,-2.63236446005563,2.37140628362075,-3.48796896230349,14.9532264808526,2.99157817484256
58.18,1.74485474542451,15.013060200277,1.92044142781285,2.95098262165375,-3.59894189984789,2.26981378311616,-3.21311695275723,14.9994548739206,2.92466060866725
58.2,1.98493843505001,15.0481063607925,2.31785145649677,2.85293712025932,-3.39455713195846,2.29509120729103,-3.00943391080322,15.0449533053294,2.86251064579065
58.22,2.27623561918809,15.1057742585368,2.16041484127092,2.81520033637542,-2.56441282024615,2.43360939617255,-2.86547536313692,15.0920902112664,2.80382071308901
58.24,2.43325543606293,15.1345229544433,2.23548104032258,2.75036060744947,-3.38734926652267,2.59309530471882,-2.70000747122268,15.1423473142418,2.74810153195551
58.26,2.49082342570521,15.1951935001497,3.13160361584779,2.67970636571451,-2.14621308502068,2.71622913628017,-2.46570686466127,15.1954807286127,2.69634674472895
58.28,2.5,15.2597870990772,3.39380065661752,2.66451208404864,-1.55138502505675,2.79877829687597,-2.16482331179268,15.2507250423684,2.64991962360394
58.3,2.5,15.3309455264144,2.44735699071463,2.61765096471224,-1.87030556159711,2.85609901985964,-1.81603630060546,15.3072751232147,2.61006387417009
58.32,2.5,15.3576813787058,2.9045545209653,2.58969986158476,-1.62024554182539,2.90549574361972,-1.44018151282045,15.3648884813117,2.57747092766304
58.34,2.5,15.447127707253,2.75197064475261,2.55284114303922,-1.52299847408797,2.95559868241319,-1.0504227352544,15.4235228617953,2.55253556127073
58.36,2.5,15.4677602044959,2.70061452494126,2.52877992262124,-1.3361145413882,3.00977333955173,-0.655010910846177,15.4831670004224,2.53547803458311
58.38,2.5,15.5551522882507,3.58243525416482,2.4993965613837,0.210243127212584,3.06834984541208,-0.260201169975772,15.5439350494798,2.52633310509532
58.4,2.5,15.6110576146625,2.03695299831557,2.53718964770974,1.36701138189366,3.13068501409845,0.128690536533296,15.605924360775,2.52503022537446
58.42,2.5,15.6366304081833,1.86983253651278,2.55407701665944,0.458963027503057,3.19598933912527,0.506794723407408,15.66919316071,2.53140545152325
58.44,2.5,15.685850916123,4.02597406599612,2.55554816880987,0.39411054610764,3.26367945819033,0.869371258490026,15.7337697356735,2.54520728225805
58.46,2.5,15.7976693708232,4.74900320109111,2.56984143850375,0.864759413007021,3.33331957444656,1.21158306568201,15.7997156774555,2.56606585358951
58.48,2.5,15.8758110441667,3.36711901227904,2.59013854533015,1.96554362762806,3.4049199539096,1.52860378412781,15.8670956210076,2.59351156361491
58.5,2.5,15.9323541313143,3.49415263362896,2.64846318360887,1.76385597986587,3.47927963532764,1.81550292141218,15.935956562364,2.62699363157287
58.52,2.5,16.0155771495118,4.05427879418117,2.66069278452478,1.83704868071947,3.55807649329859,2.06713209195936,16.0063026031411,2.66590637357949
58.54,2.48377961035861,16.0945252830816,3.12007076919461,2.72194513083765,2.8253749623557,3.63854204359955,2.28247545888558,16.0780776578073,2.70964470855728
58.56,2.3861836230805,16.1403799802796,3.89242051876906,2.77370778301901,1.43128743600063,3.6925070589087,2.48501177869095,16.1514647177612,2.75730643434195
58.58,2.13271788186324,16.2502221038323,4.08992423562786,2.77919662827767,2.77796591834201,3.66666330804587,2.72325290059122,16.2254043271554,2.80912410320933
58.6,1.72930937371781,16.3039769497047,2.87998111212069,2.88482641975269,3.38505300447897,3.48381048044474,3.06953707347908,16.2973288274803,2.86672835679466
58.62,1.36918383927956,16.3654213483172,2.89690194381453,2.91459874845683,2.93955935374751,3.07101977805206,3.59346966618398,16.3632159761324,2.93310490475734
58.64,1.10011684590561,16.4198530274573,2.52027042011314,3.00240879390259,4.45593424115384,2.58517140322653,4.14287323778406,16.4196596117574,3.01066481760033
58.66,1.01812211078419,16.4662321651217,2.08316813271701,3.09283611810299,4.34622971468162,2.24461971641815,4.49454050385913,16.467660145816,3.09743612971165
58.68,1,16.503179752766,1.96576054566906,3.17625798248985,3.94397891566418,2.12067958970892,4.56708488103985,16.5109564920619,3.18851753292699
58.7,1,16.5448625869484,1.64874146586955,3.25059527472955,3.5981629507756,2.16206666844718,4.4083896990117,16.5535984693753,3.27856705397807
58.72,1,16.5691294114008,2.20348381195485,3.32018450052088,5.8870541551635,2.27215074598648,4.11819322617313,16.5978702546344,3.36400206526179
58.74,1,16.6330019394266,3.56380254838315,3.48607744093609,4.47764236074015,2.39143085719813,3.7619541275863,16.644520244314,3.44287893691013
58.76,1,16.7116815133361,2.79641185149488,3.49929019495048,2.61690095839843,2.49664517003959,3.36960256607085,16.6934293335154,3.51424384563
58.78,1,16.7448584134864,2.43996382974077,3.59075347927203,3.46290719572296,2.58196296803175,2.95352821482356,16.7442412829197,3.57751663277683
58.8,1,16.8092800665257,3.09388850573056,3.6378064827794,2.68317947480501,2.64874740918817,2.5188971472976,16.7965758878661,3.63226957148928
58.82,1,16.8686139537157,3.01445610609505,3.69808065826423,2.79107496621681,2.70051287581969,2.06885534585616,16.8500976325825,3.67816304850303
58.84,1,16.9298583107695,2.38239189728322,3.74944948142808,0.902677450368194,2.7418791710264,1.60559490623756,16.904518358687,3.71494669759868
58.86,1,16.963909629607,2.54087436441797,3.73418775627896,0.107254800981393,2.77657657696842,1.13236555469603,16.9596945220814,3.7423586945314
58.88,1,17.0314932853462,2.60906090189303,3.75373967346733,1.47087574105147,2.8080887022039,0.652777478543861,17.0155512809547,3.76020893378508
58.9,1,17.0682720656827,1.18802669608602,3.79302278592102,0.0338810134940637,2.83984918748307,0.170512939742943,17.0720492976704,3.76841842915994
58.92,1,17.0790143531897,3.27061831803359,3.75509491400709,-1.38482353343241,2.87554350741424,-0.310956264530549,17.129217802537,3.7669861557856
58.94,1.00540679654713,17.199096798404,4.1785320077083,3.73762984458372,-0.154855313300895,2.91799848631734,-0.787418993893671,17.1871736682142,3.75595407150203
58.96,1.0379387923065,17.246155633498,2.0367114293161,3.74890070147506,-1.34088206644484,2.97123406654977,-1.25538981304154,17.2460026764088,3.73554110905756
58.98,1.11124828335836,17.2805652555767,3.30849796981889,3.68399456192593,-2.01197087314466,3.04816441914751,-1.71880999894856,17.3061024917638,3.70583662157686
59,1.2568968754274,17.3784955522908,4.07249005445722,3.66842186654927,-0.987714805721596,3.17108478846458,-2.18948190455778,17.3682132961332,3.66677152226899
59.02,1.37693872024015,17.443464857755,2.19291275490479,3.64448596969706,-2.32298592004627,3.35371168907174,-2.67207704436214,17.4334126627509,3.61812705882393
59.04,1.46662771803146,17.4662120624869,3.75027250533559,3.57550242974742,-4.32145551006224,3.54865920669409,-3.12080677845155,17.5024617222624,3.56009795382528
59.06,1.4954117128526,17.5934757579684,4.05029639072021,3.47162774929457,-3.93314129817064,3.70295917578705,-3.48492282238545,17.575086145158,3.49386095777752
59.08,1.5,17.6282239181158,2.92491868570881,3.41817677782059,-3.28150058849639,3.76293054863038,-3.71320160755333,17.6499400524938,3.42161443000599
59.1,1.5,17.7104725053968,3.37531316107063,3.34036772575472,-4.08488466877672,3.70318738523631,-3.78050091107194,17.7247935682852,3.34641722095507
59.12,1.5,17.7632364445586,3.55399119155075,3.25478139106953,-4.4002373649628,3.53254717152764,-3.69411377571706,17.7972800419339,3.27146567071589
59.14,1.5,17.8526321530588,4.13264145590464,3.16435823115621,-2.6436472412416,3.28629505409732,-3.48772136773686,17.8655670059735,3.19947521947004
59.16,1.5,17.9285421027948,3.50618831855769,3.14903550141986,-2.39760433369963,3.01472964349273,-3.21046095574887,17.9285870387223,3.13240824409878
59.18,1.5,17.9928796858011,3.59115673878092,3.06845405780822,-3.3083371040597,2.75692582513565,-2.90204271776401,17.9862560875826,3.07125687134023
59.2,1.5,18.072188372346,1.95931563420366,3.01670201725747,-2.95389087771754,2.5324089998369,-2.58429993429158,18.0391001230372,3.01637599935467
59.22,1.5,18.0712523111692,1.96049453013041,2.95029842269952,-2.24168294489695,2.34745324845537,-2.26686939753746,18.0878593114658,2.9678447094423
59.24,1.5,18.1506081535512,1.92472816540148,2.9270346994616,-1.63040669027293,2.20127147934938,-1.9530136007458,18.1332703961216,2.92566549240848
59.26,1.5,18.1482414377853,2.02845107313507,2.8850821550886,-2.22933837595146,2.08785432803922,-1.64160915946905,18.1761064799899,2.88972753469728
59.28,1.5,18.2317461964766,3.43306587240377,2.83786116442354,-1.16421386255303,2.00197048705401,-1.33237887630294,18.216982012567,2.85997509297483
59.3,1.5,18.2855640726815,1.06621999739245,2.83851360058648,-0.00570587406063527,1.94027614175166,-1.02682812052821,18.2563517080538,2.83640359815116
59.32,1.5,18.2743949963723,1.06545585569986,2.83763292946111,-0.986648487238184,1.89819095050255,-0.725594803953466,18.2946871088318,2.81890489774497
59.34,1.47627371940122,18.3281823069094,2.57612989623963,2.79904766109695,-0.852803438759886,1.86481408796088,-0.423502618572611,18.3323365874205,2.80738553763491
59.36,1.27236724616099,18.3774401922219,2.51429509222403,2.80352079191072,0.807380811451164,1.78754283081983,-0.0774369228484597,18.368993147671,2.80225257485878
59.38,0.765435763726479,18.4287541105984,0.413135547512677,2.831342893555,-0.0740137532952767,1.5337587863141,0.428029055519433,18.402630509,2.80537907434153
59.4,-0.0413812525643816,18.3939656141224,0.0855615705290802,2.80056024177891,1.08485402815569,0.959903049141243,1.21729664774972,18.4281281657704,2.82134050638518
59.42,-0.828706857564269,18.4321765734196,1.52953306288603,2.87473705468123,2.72186457361165,0.03657246685359,2.30729592446948,18.4384428441999,2.85631011879925
59.44,-1.29976630818878,18.4551469366379,-0.95742099828966,2.90943482472337,2.31314405913087,-1.02376184981646,3.48576102563208,18.4285592069602,2.91433468199745
59.46,-1.47247027711563,18.393879733488,-2.57373997662667,2.96726281704646,4.11448179776416,-1.8997565962325,4.43046765578455,18.3987888531394,2.99411884401443
59.48,-1.5,18.3521973375728,-2.38279402770187,3.07401409663394,5.78829589177644,-2.3775479434936,4.92102979038086,18.3552576588366,3.08849072595833
59.5,-1.5,18.2985679723799,-2.46971765939801,3.19879465271752,5.11995425628683,-2.44201028959345,4.93613669507542,18.3065198600287,3.18771521602772
59.52,-1.5,18.2534086311969,-2.10525982140988,3.27881226688541,3.61638764157256,-2.26538205418643,4.64455846150649,18.259181177153,3.28389464083821
59.54,-1.45674562762296,18.2143575795235,-2.20836029406168,3.34345015838042,4.04610206898212,-2.0137283016928,4.21243137312115,18.2163462469423,3.37261540691681
59.56,-1.19648966154799,18.1650742194344,-1.8045342333977,3.4406563496447,4.59577335174807,-1.70080261967389,3.66274699343144,18.1790547388307,3.45159781966406
59.58,-0.520581018301972,18.1421762101876,-0.876898821831062,3.52728109245034,3.59076493268419,-1.22228466858371,2.91246122908965,18.1493876107604,3.5178126746965
59.6,0.555175003419175,18.1299982665612,-0.471601624778373,3.58428694695206,1.96584355142596,-0.419836640404701,1.84133488458901,18.1324042077195,3.56588119373996
59.62,1.51550976192118,18.1233121451965,0.777279400364872,3.60591483450738,0.286762267372043,0.666866693548759,0.513481781395873,18.1345013222906,3.58974376933241
59.64,2.23302174425171,18.1610894425758,1.84817644188762,3.59575743764695,-1.47139775850608,1.8542633379726,-0.882141354309898,18.1597079550351,3.58600694928457
59.66,2.45167437124217,18.197239202872,3.50664669405134,3.54705892416714,-2.26316224331307,2.94939216091937,-2.15449256812848,18.208024187375,3.55530940845286
59.68,2.5,18.3013553103378,4.34493120563966,3.50523094791442,-3.18108466972333,3.84675222703017,-3.19492700035901,18.2763484304262,3.50138923987898
59.7,2.5,18.3710364510976,3.23862743782932,3.41981553737821,-3.81951407578053,4.50025329861401,-3.95313770223753,18.3602349443,3.42942660061807
59.72,2.5,18.430900407851,3.63549695141669,3.3524503848832,-4.1235925304688,4.88474930178292,-4.4037183867034,18.4545705027497,3.34531061594784
59.74,2.45674562762296,18.5164563291542,5.06919224616702,3.25487183615945,-4.36244141749726,4.98139484675602,-4.53098001551575,18.5537012612023,3.25543747008928
59.76,2.19648966154799,18.6336680976977,5.67074294043701,3.17795272818331,-4.23142461285205,4.73522283889914,-4.28581900890708,18.6515602576925,3.16653435767359
59.78,1.52058101830197,18.7432860467717,3.33470376693921,3.08561485164537,-3.09915030252487,4.02003790263198,-3.54920661368885,18.7399788423909,3.08728534188332
59.8,0.560246259799965,18.7670562483752,2.520187680474,3.05398671608232,-1.35562568781318,2.83032686462216,-2.32023603295607,18.8091731006933,3.027875244364
59.82,-0.604942476752359,18.8440935539907,1.72494079194916,3.03138982413284,-0.977242353658336,1.32814934679878,-0.766676325274271,18.8509855357745,2.99676169345482
59.84,-1.1914184051672,18.8360538800532,-0.123659825775846,3.01489702193598,-0.212058180932562,-0.119703920951458,0.737298139345197,18.862662504076,2.99687444281834
59.86,-1.46329370282084,18.8391471609596,-0.334605606759553,3.02290749689554,0.549244975325436,-1.25854043669499,1.9233778373862,18.8481854846263,3.02420094709661
59.88,-1.5,18.8226696557828,-1.23837032538319,3.036866820949,1.86225466005876,-1.97153014042545,2.6615808355286,18.8151832813844,3.07079915606907
59.9,-1.5,18.7896123479443,-2.35387936913014,3.09739768329789,3.03652837163226,-2.31121657983308,2.99361897533093,18.7718658242606,3.1279054408476
59.92,-1.5,18.7285144810176,-3.19468467561386,3.15832795581429,3.99903859139855,-2.40100266345842,3.03663644949207,18.72440533064,3.18861250988083
59.94,-1.5,18.6618249609198,-2.51923349919156,3.25735922695383,3.20999109566523,-2.35387958556499,2.90103428782973,18.6767089450848,3.24820712293347
59.96,-1.5,18.6277451410499,-1.38052106889184,3.2867275996409,2.55006710287027,-2.24709602079457,2.66458530629171,18.630646244791,3.30398366772575
59.98,-1.5,18.6066041181641,-2.1389633762471,3.35936191106865,3.19146538207815,-2.12764055330578,2.37638562539693,18.5868986112497,3.35445577530497
60,-1.5,18.5421866060001,-2.18428443471401,3.41438621492403,1.3342234404327,-2.01829519541435,2.06266672902924,18.5454646756569,3.39887677777169
60.02,-1.5,18.5192327407755,-2.39948193208859,3.41273084868595,1.18929567425906,-1.92776091059512,1.73650507509857,18.5060379389683,3.4368828436342
60.04,-1.5,18.4462073287165,-2.15169798074815,3.46195804189439,1.35367348602765,-1.85786868580702,1.40470924477236,18.468213043149,3.4683023887305
60.06,-1.5,18.4331648215456,-1.49277121719296,3.46687778812706,1.75307971825431,-1.80707482612468,1.07104916134557,18.4315703604709,3.49308200695951
60.08,-1.5,18.3864964800288,-1.74756526805897,3.53208123062456,1.53342037777223,-1.77364020917907,0.739166730413782,18.3957761802504,3.51119160662865
60.1,-1.5,18.3632622108232,-1.40147036491864,3.52821460323795,-0.317281076328801,-1.75548607684987,0.412386544048161,18.3605264093974,3.5226793373849
60.12,-1.5,18.3304376654321,-1.55557246780749,3.51938998757141,-0.223875113223226,-1.74973687386198,0.0933143779213452,18.3255127380545,3.52770253054584
60.14,-1.5,18.3010393121109,-2.65113731754765,3.51925959870902,0.252142841682579,-1.75431041254541,-0.214909440260766,18.2904935713185,3.52646190937312
60.16,-1.5,18.2243921727301,-2.01432026608659,3.52947570123871,-0.194615612593318,-1.76841328352234,-0.508100705362855,18.2552863358793,3.51920093935887
60.18,-1.5,18.2204665014675,-0.389311993347619,3.51147497420529,-1.28560823646,-1.79131455828263,-0.782240141858885,18.2197003253755,3.50626440496338
60.2,-1.5,18.2088196929962,-1.56346403314611,3.47805137178031,-1.56090144433606,-1.82292124081606,-1.03311988395002,18.1835664415832,3.48807175792763
60.22,-1.5,18.1579279401416,-2.60306299426993,3.44903891643184,-1.0545693156912,-1.86376719536412,-1.25631179619856,18.1467275930295,3.46511519371034
60.24,-1.5,18.1046971732254,-2.61147402406872,3.43586859915266,-2.13636750560635,-1.91391485261337,-1.44808358374894,18.1089744336452,3.43800912557156
60.26,-1.5,18.0534689791789,-2.21816416205085,3.36358421620759,-0.583909184935316,-1.97341920588044,-1.60530816332266,18.0701043814276,3.40742770737717
60.28,-1.5,18.0159706067434,-1.88709995858307,3.41251223175525,-0.961269487747451,-2.04254726684979,-1.72537240677867,18.0299652800155,3.37405191627621
60.3,-1.5,17.9779849808356,-1.5064000038131,3.32513343669769,-3.57269922960916,-2.12131969846739,-1.80650821047632,17.9884129894845,3.33859667373196
60.32,-1.5,17.9557146065909,-1.94234252031915,3.26960426257089,-1.31400556794318,-2.21094208176139,-1.84651175712616,17.9450686721068,3.30203683513759
60.34,-1.48418247960081,17.9002912800228,-2.90398282726922,3.27257321397997,-0.631973412561004,-2.2950624804351,-1.86080477319914,17.899929978895,3.26498987897185
60.36,-1.348244830774,17.8395552935001,-1.90067787024386,3.24432532606845,-1.69446714367949,-2.33659855826181,-1.88542291713029,17.8535083273085,3.22758346883656
60.38,-1.01029050915099,17.824264165213,-1.83094586149943,3.20479452823279,-3.16279546670978,-2.21043034605604,-2.04018590753681,17.8078037877774,3.18850056466687
60.4,-0.472412498290412,17.7663174590401,-2.43147645402004,3.11781350740005,-2.96920174640697,-1.81434130618261,-2.4190267739579,17.766979867066,3.14439074017752
60.42,0.0524712383761793,17.7270051070522,-1.26260150707154,3.08602645837651,-2.46069135702096,-1.22168723610781,-2.942315480727,17.7363685124473,3.09093282723395
60.44,0.366510872125854,17.7158133987573,-0.905905705599963,3.01938585311922,-3.07191709145698,-0.677418837721914,-3.3619221682216,17.7176023005094,3.02757076923314
60.46,0.481646851410418,17.6907688788282,-0.674185632081858,2.96314977471823,-3.25476112397094,-0.327729968233156,-3.53117728909585,17.7079486411439,2.95815206220169
60.48,0.5,17.688845973474,0.698655070649323,2.88919540816038,-2.84617679174638,-0.188813389490341,-3.4374837278682,17.7030763782509,2.88808850903755
60.5,0.5,17.7187150816542,-0.149749299655344,2.84930270304837,-3.03715152188418,-0.176870904230523,-3.1683067466892,17.6995505707595,2.82182129046165
60.52,0.5,17.6828560014878,-1.31106709164266,2.76770934728501,-3.6922026485166,-0.212318682892095,-2.80685279569266,17.6956965727693,2.76196093810453
60.54,0.489186406905739,17.6662723979885,-0.447733504945358,2.70161459710771,-2.53047972939752,-0.257712383571812,-2.39577211913175,17.691000617637,2.70986973517903
60.56,0.424122415386998,17.66494666129,0.409597873572398,2.66649015810911,-1.64856081876873,-0.314707333101255,-1.94207188496032,17.6853188153366,2.66640744265201
60.58,0.255145254575493,17.6826563129314,0.516475435688779,2.63567216435696,-2.10463535542796,-0.409743686064053,-1.43214115871182,17.6781559535563,2.63256449431477
60.6,-0.0137937508547938,17.6856056787175,-0.480097027433946,2.58230474389199,-0.708881374431314,-0.585190069755081,-0.840930238193085,17.6683668451159,2.60968611197204
60.62,-0.253877440480296,17.663452431834,-0.989305875673541,2.60731690937971,0.743712978034694,-0.830757573473095,-0.188579742285059,17.6542731662345,2.59934082981571
60.64,-0.433255436062927,17.6460334436906,-1.2457140219305,2.61205326301338,0.136318507601296,-1.10793788271087,0.482635371732836,17.63493886705,2.60225788114935
60.66,-0.487918592810542,17.6136238709568,-1.69840738431155,2.61276964968376,0.360283149755158,-1.37240542776674,1.12682783441661,17.6100699001849,2.61844140951027
60.68,-0.5,17.5780971483181,-1.61824881013013,2.62646458900359,2.13746726821972,-1.59396233655111,1.71067773425284,17.5803249854097,2.64693186098986
60.7,-0.5,17.5488939185516,-1.19633147007487,2.69826834041255,2.5009631290813,-1.7670070948726,2.22160998741521,17.5466502633745,2.68637139358723
60.72,-0.5,17.5302438895151,-1.42063324229138,2.72650311416684,2.41946267501777,-1.89072637986746,2.65136000215752,17.5100023963382,2.73523470210472
60.74,-0.5,17.49206858886,-2.99681558210585,2.79504684741326,2.12110809175814,-1.95712802209468,2.98607122531237,17.4714064787109,2.79178891043881
60.76,-0.5,17.4103712662309,-2.32476972200164,2.81134743783716,3.1399892609865,-1.95643848392985,3.21111989345575,17.4321334870723,2.85396841973658
60.78,-0.5,17.3990777999799,-2.56717090939533,2.92064641785272,3.72783099803413,-1.88042560302035,3.3144266730217,17.3936501961695,2.91942466259955
60.8,-0.5,17.3076844298551,-1.51087307478344,2.96046067775853,3.24560568581863,-1.73140058881157,3.29554719952866,17.3574256698727,2.98571212186079
60.82,-0.5,17.3386428769886,0.079437270877758,3.05047064528546,4.23753044381983,-1.52934148820897,3.17286765547937,17.3247406719248,3.05055547322278
60.84,-0.5,17.3108619206902,-1.72053916232402,3.12996189551132,2.92218761807005,-1.30416406650028,2.9764892098101,17.2964056945574,3.11213360199205
60.86,-0.5,17.2698213104956,-1.60209192000762,3.16735815000827,2.16247587749909,-1.08102554156505,2.73384417720642,17.2725576793361,3.16930896708871
60.88,-0.5,17.2467782438899,-1.24856787428964,3.21646093061129,2.49806115417703,-0.879393234087507,2.4677569451298,17.2529950520099,3.22135494518835
60.9,-0.5,17.219878595524,-0.88359733516068,3.26728059617535,2.86842617041471,-0.706494444312662,2.18984491212413,17.2371880024286,3.26794270845292
60.92,-0.5,17.2114343504835,-0.119592071849794,3.33119797742787,1.79898676069551,-0.563063701844809,1.90564226053028,17.2245335082739,3.30891143638086
60.94,-0.5,17.21509491265,-0.762792318440741,3.33924006660317,1.22479327212397,-0.44714406522666,1.61813165314299,17.2144749180558,3.34415287250751
60.96,-0.5,17.1809226577458,-0.579134666385706,3.38018970831283,1.28140358043994,-0.355149714590357,1.32880031612229,17.2064940404917,3.37361917464436
60.98,-0.5,17.1919295259946,1.47304403464936,3.39049620982077,0.637393516300522,-0.283236704395066,1.03889436037278,17.2001379836929,3.39729836972762
61,-0.5,17.2398444191318,0.0659479691735854,3.40568544896485,0.872474011110425,-0.228685550002064,0.750664051332067,17.1950494383815,3.41518555394221
61.02,-0.5,17.1945674447615,-1.49572917756799,3.42539517026518,0.840449040043012,-0.188616421868998,0.466177927051486,17.1908978463038,3.42734642205587
61.04,-0.5,17.1800152520291,-0.463698786788491,3.43930341056657,0.374260164467244,-0.16123652852017,0.188425384393041,17.1874195227669,3.43387832831512
61.06,-0.5,17.17601949329,0.538468785170831,3.44036557684387,-0.0420677475137521,-0.145127563361662,-0.0793934662719142,17.1843748564506,3.43494811653529
61.08,-0.5,17.2015540034359,0.399193151991373,3.43762070066602,-0.709822682027828,-0.139445783254848,-0.333723382637716,17.1815489567527,3.43078876594912
61.1,-0.5,17.1919872193697,-0.479725392714858,3.41197266956276,-0.53684907285757,-0.143778106399122,-0.570779819851931,17.1787324854859,3.42171265283216
61.12,-0.5,17.1823649877273,-0.182205530694013,3.41614673775172,-0.45843525703706,-0.15831197069034,-0.786548639926958,17.1757269559054,3.40810211074892
61.14,-0.521627186188521,17.1846989981419,-0.539160062980493,3.39363525928128,-1.36855137421226,-0.187153136197296,-0.973686353137864,17.1723209117569,3.39042623768853
61.16,-0.630953499683751,17.1607985852081,-1.24225825002302,3.36140468278323,-1.61444474213159,-0.272065482058519,-1.09025219241335,17.1678942996726,3.36959980998745
61.18,-0.989709490849014,17.135008668141,-0.620057921307904,3.32905746959601,-0.662281685586175,-0.509407388249164,-1.04420764305676,17.1604686645091,3.34785696924501
61.2,-1.46987687010002,17.1359962683558,-0.193410788876935,3.33491341535978,-0.0406730366661612,-1.01992940437829,-0.722830726206739,17.1456404730348,3.32972070303182
61.22,-2.05247123837618,17.1272722365859,-1.86972464862141,3.32743054812937,-0.648962022848332,-1.73579930511359,-0.194851369216032,17.1182656143233,3.32035628307271
61.24,-2.36651087212585,17.0612072824109,-2.60911917574216,3.30895493444585,-0.344895390924727,-2.47335882524844,0.358546537523925,17.076070367648,3.32208958875393
61.26,-2.48164685141042,17.0229074695562,-2.96588841704439,3.31363473249238,0.706038485668148,-3.04492062870756,0.752772236064347,17.0205407619846,3.33354065339092
61.28,-2.5,16.9425717457292,-3.45520868243216,3.33719647387258,1.58246443978008,-3.40260337326532,0.93820633343122,16.9557652081748,3.35074982002796
61.3,-2.5,16.8846991222589,-3.33543911669327,3.37693331008358,1.39265488374346,-3.59642904701853,0.960344335792079,16.8855313917945,3.36997716517362
61.32,-2.5,16.8091541810614,-2.92880985611683,3.39290266922231,0.668235228764447,-3.69945307103268,0.887404695566717,16.8124641734608,3.38857217402727
61.34,-2.48813685970061,16.7675467280142,-4.02093802547201,3.40366271923416,1.06808659007376,-3.75002001268154,0.756474844350675,16.7378840403246,3.40510405431129
61.36,-2.3861836230805,16.6483166600425,-4.72995961900153,3.43562613282526,0.540076017595192,-3.74782571874421,0.568808536994071,16.6627792764808,3.41848563870603
61.38,-2.13271788186324,16.5783483432542,-2.23734813410905,3.42526575993797,0.0265000322583919,-3.63019248125201,0.267948395581035,16.5887424441817,3.42710012300818
61.4,-1.72930937371781,16.5588227346782,-2.80430204448514,3.4366861341156,-0.254826656111473,-3.33796183625249,-0.199242298121483,16.5187532096507,3.42807806607043
61.42,-1.33564657121787,16.4661762614748,-4.88424233260893,3.41507269369351,-0.899235166259915,-2.8984471635486,-0.80430032641146,16.4561573995498,3.41825520155
61.44,-1.10011684590561,16.3634530413738,-2.61389545543809,3.4007167274652,-1.45686210804827,-2.41680310377691,-1.44275118120987,16.4030556676431,3.39571954136716
61.46,-1.01376486144219,16.3616204432573,-0.891953913319643,3.35679820937158,-1.47463491973211,-2.01487511431275,-1.98984676219641,16.3589630175835,3.36114503333135
61.48,-1,16.327774884841,-1.85212995204367,3.34173133067592,-2.41926996870903,-1.75898770856568,-2.37078132440027,16.321434923188,3.31728089856465
61.5,-1,16.2875352451755,-1.12262586100824,3.26002741062322,-3.14730894625392,-1.6436459520768,-2.58053823192081,16.2875801892011,3.26753504055477
61.52,-1,16.2828698504007,-2.01932479473221,3.21583897282576,-3.36298497194738,-1.63437851546991,-2.64620523103632,16.2550124628786,3.21499441616519
61.54,-1.01622038964139,16.2067622533862,-2.200305830348,3.12550801174532,-2.23791401603697,-1.6903672912219,-2.60522174507689,16.2218424275028,3.16233247013171
61.56,-1.1138163769195,16.1948576171868,-0.841099391883482,3.12632241218428,-1.84590964154649,-1.82070635074866,-2.45054249571172,16.1869236112663,3.11152337222612
61.58,-1.36728211813676,16.1731182777109,-2.04220420472083,3.05167162608346,-2.95707048097086,-2.08763375001876,-2.12760470244354,16.1479762662908,3.06555531833453
61.6,-1.77069062628219,16.113169448998,-3.06500442442497,3.00803959294545,-1.62138608321674,-2.48881717048781,-1.64852248083774,16.1025789947956,3.02740823993537
61.62,-2.13081616072044,16.0505181007339,-3.40630886792392,2.98681618275479,-0.902166199908927,-3.07927005608255,-0.975324541257183,16.0470824565396,3.00098436661836
61.64,-2.39988315409439,15.976917094281,-3.76346327065344,2.97195294494909,-0.406687298598041,-3.66014931349957,-0.312844020305687,15.9795015341825,2.98829357482882
61.66,-2.48187788921581,15.8999795699077,-3.68927949420201,2.97054869081087,0.541119360774056,-4.09876190743448,0.204096272000216,15.9016586630163,2.98746805192106
61.68,-2.5,15.8293459145129,-4.31020552666501,2.99359771938005,1.55994431064567,-4.38378694170972,0.561935088404976,15.8165872079866,2.99538445601694
61.7,-2.5,15.7275713488411,-3.96206005991555,3.0329464632367,1.20493355331462,-4.54302592284101,0.787011030704256,15.7271529770341,3.0090533531634
61.72,-2.5,15.6708635121163,-4.86479290390625,3.04179506151264,-0.270348467893422,-4.62242676917501,0.923534916412327,15.6353950706342,3.02627775458991
61.74,-2.5,15.5329796326849,-5.35234433280629,3.02213252452096,0.880827399728545,-4.65160046263201,1.00009785240145,15.5425908186166,3.04559500220632
61.76,-2.5,15.456769738804,-4.67904714267009,3.07702815750178,1.3529218388956,-4.64906620762465,1.03464262243276,15.4495396479509,3.06600426002633
61.78,-2.5,15.3458177469781,-4.33416077279078,3.07624939807678,0.711963938288596,-4.62729935062265,1.03930099700636,15.3567553560459,3.08678253036786
61.8,-2.5,15.2834033078924,-4.24397168534059,3.10550671503333,1.76327495009583,-4.59397331373979,1.02164149590842,15.2645270175619,3.10742541038562
61.82,-2.5,15.1760588795645,-5.53590839241713,3.14678039608062,1.48074227487923,-4.55468356341441,0.987289654609189,15.1730323812553,3.12754051113713
61.84,-2.5,15.0619669721957,-4.30924944284894,3.16473640602849,0.110695643555137,-4.51317392813631,0.940183610113866,15.0823562394313,3.14683047185585
61.86,-2.5,15.0036889018505,-3.85946051356187,3.15120822182282,0.489383532782139,-4.471488620667,0.882747694042083,14.9925050048421,3.16508040016906
61.88,-2.5,14.9075885516533,-4.12135026058609,3.18431174733978,1.00731807013742,-4.43179545103112,0.817596795658574,14.9034782278289,3.18209390920075
61.9,-2.5,14.8388348914271,-4.48485826993896,3.19150094462832,0.545390655922839,-4.39487571490998,0.746153406585547,14.8152177937727,3.19773981881843
61.92,-2.5,14.7281942208557,-4.40459229172974,3.20612737357669,-0.00972727776710203,-4.3613982254754,0.669816139490013,14.7276583974564,3.21190885683914
61.94,-2.4960456199002,14.6626511997579,-4.31963575306056,3.19111185351763,0.463765955513962,-4.33307304513119,0.591000121544715,14.6407308957824,3.22451562671765
61.96,-2.4620612076935,14.5554087907333,-4.52712441365568,3.22467801179725,0.963000373829803,-4.29303834625552,0.494458909700171,14.5545037184629,3.235353531564
61.98,-2.38875171664164,14.4815662232116,-4.55167380164792,3.22963186847083,1.56924030292829,-4.21301577299528,0.354429702310244,14.4694234489453,3.24386773250717
62,-2.2431031245726,14.3733418386674,-4.31000710468754,3.28744762391438,0.636732438961096,-4.082513437442,0.162421426919256,14.3862974983505,3.24919823431615
62.02,-2.12306127975985,14.3091659390241,-3.09621699012275,3.25510116602927,-0.250232419847984,-3.90888895686608,-0.0726845742129215,14.3062534550021,3.25021878331298
62.04,-2.03337228196854,14.2494931590624,-3.94937146227212,3.27743832712046,-0.750638758672617,-3.73002705540903,-0.311840976891509,14.2299158986511,3.24631989523416
62.06,-2.0045882871474,14.1511910805333,-4.6130738869556,3.22507561568237,-1.07344083409738,-3.59950984210171,-0.500439160483176,14.1567268827113,3.23808550979116
62.08,-2,14.0649702035842,-3.77698856347508,3.23450069375657,-0.0996580814316084,-3.52422626435406,-0.629026085330038,14.0855752648914,3.22669511164647
62.1,-2,14.0001115379943,-3.2923075793533,3.2210892924251,-0.78425579062279,-3.49269263616953,-0.706634162827866,14.0154513370824,3.21327844141903
62.12,-2,13.9332779004101,-2.99829461556733,3.20313046213166,-1.80047218311503,-3.48860190950783,-0.747802891308651,13.9456844404023,3.19867293462171
62.14,-1.97296601726435,13.8801797533716,-2.71559966192294,3.1490704051005,-1.18225429084537,-3.49390238777955,-0.769351201015862,13.8758253258881,3.18351604642017
62.16,-1.83630812539531,13.8246539139332,-3.42619313865939,3.15584029049784,-0.193602434310791,-3.44332934408687,-0.833585633850713,13.8063068883832,3.16760825436787
62.18,-1.38786313643873,13.7431320278252,-3.75091018185993,3.14132630772807,-1.03470005906412,-3.20976572839961,-1.06092308320638,13.7393836623372,3.14901632644274
62.2,-0.787653912374978,13.6746175066588,-1.28938566053209,3.11445228813528,-0.821813496456092,-2.66590495449748,-1.56726081568263,13.6799620931167,3.12333231228394
62.22,-0.0594109520297759,13.6915566014039,-1.5568306221625,3.10845376786982,-2.35621109586263,-1.84673989733762,-2.30591012535639,13.6345683188425,3.08478874425657
62.24,0.333138590157318,13.6123442817723,-2.60516819405594,3.02020384430077,-3.31474526775069,-1.06146853730558,-2.96243863647972,13.6058093833237,3.0317003062781
62.26,0.477058564263023,13.5873498736417,-0.710719276323246,2.9758639571598,-2.82143892502381,-0.529354930567025,-3.31586932111195,13.5904236815188,2.96831303165187
62.28,0.5,13.5839155107193,-0.583505757479585,2.90734628729982,-3.63066602574145,-0.28211167039382,-3.33639963588229,13.5827119734645,2.90130916115564
62.3,0.5,13.5640096433425,0.473358823564318,2.83063731613014,-3.10936291224742,-0.214257904472603,-3.13154814022995,13.5779437125855,2.83635883824957
62.32,0.5,13.6028498636619,0.289952430542639,2.78297177080992,-2.37552691566307,-0.222259804027033,-2.8072145295044,13.5736495946747,2.77683060618577
62.34,0.480228099501016,13.5756077405642,-1.01189957926371,2.73561623950362,-2.84448486071942,-0.257737018390855,-2.41651048446614,13.5688955876406,2.72449007522186
62.36,0.310306038467495,13.5623738804914,-0.297459528468202,2.66919237638115,-2.91278731017721,-0.336995117059631,-1.95434404126251,13.5630794928888,2.68062034154339
62.38,-0.112136863561267,13.5637093594255,-0.0609896328571224,2.61910474709653,-1.21906097724409,-0.533242220333163,-1.36906075216104,13.554674746686,2.64710553355617
62.4,-0.784484377136985,13.5599342951771,-1.33437993106149,2.62042993729138,0.283882719862172,-0.94171536604318,-0.595841140444563,13.5403394623945,2.62710806431594
62.42,-1.44058904797022,13.510334162183,-2.32020119233507,2.63046005589102,0.913127113322632,-1.57212902882557,0.35412488191181,13.5154899810742,2.62448015474936
62.44,-1.8071365032295,13.4671262474837,-1.46871780620885,2.65695502182429,1.83255908953299,-2.30086660610525,1.35932356984399,13.4767716863396,2.64166344491159
62.46,-1.97705856426302,13.4515854499346,-2.65756726048578,2.70376241947233,1.52175493040326,-3.00634903376041,2.30340533354099,13.4235692423808,2.6784803420495
62.48,-2,13.3608235570643,-4.24001466213269,2.71782521904042,2.62224490169128,-3.59906304458939,3.09892452162999,13.3572956820904,2.73278607943233
62.5,-2,13.2819848634493,-4.4493265582406,2.80865221553999,4.16362875975154,-4.04382702081647,3.70744774634417,13.2805970271121,2.80118663225657
62.52,-2,13.1828504947346,-4.76053119670041,2.88437036943048,3.38810459221494,-4.31578616696188,4.10210577333742,13.196666280005,2.87970798859631
62.54,-2,13.0915636155813,-3.83793897594167,2.94417639922858,2.9823643687664,-4.38339186915,4.25323730222545,13.1094374837981,2.96359804150201
62.56,-2,13.029332935697,-3.84852279106491,3.00366494418114,4.54204440466443,-4.2513610319883,4.16678948758785,13.0228408107088,3.04809326295267
62.58,-2,12.9376227039387,-4.47383572366484,3.12585817541516,5.18978181990727,-3.99609188105806,3.91470579867687,12.940124809451,3.12918718359627
62.6,-2,12.8503795067504,-4.241087465059,3.21125621697743,3.68328261523666,-3.70854616657389,3.58393020317461,12.8631043977909,3.20422840389047
62.62,-2,12.7679792053364,-2.34466415261303,3.27318948002463,2.74739178929114,-3.43153383302159,3.21851537543133,12.7917115429429,3.27231507174536
62.64,-2,12.7565929406458,-2.44703674511735,3.32115188854907,3.29977804292273,-3.19704417254375,2.85112907616032,12.7254955620801,3.33301238579395
62.66,-2,12.6700977355317,-3.64299365715945,3.40518060174154,2.43754279399033,-3.01033562838397,2.49013027734262,12.6635037433909,3.3864092655683
62.68,-2,12.6108731943595,-2.3788273209064,3.41865360030869,1.83224838746572,-2.86731764165276,2.13575904385426,12.6047744529582,3.43267391319021
62.7,-2,12.5749446426954,-2.40834050089815,3.47847053724016,1.49509031465254,-2.7618698388713,1.78675477004456,12.5484983514162,3.4719228608877
62.72,-2,12.5145395743235,-3.70565011060022,3.47845721289479,1.24389857336391,-2.68850997692358,1.44262524698168,12.4940711594368,3.50418726955224
62.74,-1.98377961035861,12.4267186382714,-3.34005258521359,3.52822648017472,1.77485192172624,-2.63825099306937,1.10047356109731,12.4408673007386,3.52959265214714
62.76,-1.8861836230805,12.380937470915,-2.82429189499438,3.54945128976384,0.955991706581172,-2.57833459923603,0.736252366603745,12.3886421183587,3.5480318695504
62.78,-1.63271788186324,12.3137469624716,-2.58325531781405,3.56646614843797,1.08467052492481,-2.44749687107339,0.300653275305945,12.3382056035168,3.55856811792454
62.8,-1.27259234742499,12.2776072582024,-1.43850049468219,3.59283811076083,-0.785636548782709,-2.18265672269474,-0.256983410097079,12.2916654440545,3.55921985786861
62.82,-0.835646571217865,12.2562069426843,-1.33771654824972,3.53504068648666,-1.39637782437457,-1.78859591458431,-0.926792791654646,12.2518486801872,3.54746864653058
62.84,-0.615718098062299,12.2240985962724,-1.56628198788917,3.53698299778585,-1.7838828810283,-1.33668013372951,-1.63734910378242,12.2205076555184,3.52187356788139
62.86,-0.513764861442186,12.1935556631688,-1.21767730371301,3.46368537124553,-3.17175809690164,-0.925177462537719,-2.29027520195338,12.1980324608041,3.48241909317969
62.88,-0.5,12.1753915041239,-0.985475336876807,3.41011267390978,-2.59123508686865,-0.626003899526579,-2.80666686323947,12.1827252506572,3.43119515381151
62.9,-0.5,12.1541366496937,-0.245047929807951,3.36003596777078,-2.07093079866103,-0.461907888393504,-3.15272444673409,12.1720697132417,3.37131046306205
62.92,-0.5,12.1655895869316,0.205113983601635,3.32727544196334,-3.26750567203132,-0.42237745371535,-3.32817921617402,12.1634199932533,3.30622458662997
62.94,-0.507908760199593,12.1623412090378,-0.168407772579071,3.22933574088953,-4.09140717200617,-0.490018002748684,-3.344051403395,12.1544574249534,3.23925052566161
62.96,-0.575877584613002,12.1588532760284,-0.724594806575807,3.16361915508309,-2.1494688102226,-0.648492370917248,-3.21517456164195,12.1432333772097,3.17340981723223
62.98,-0.722496566716713,12.1333574167747,-1.42769522983484,3.14335698848063,-2.45838135405324,-0.920634927710354,-2.92322536085202,12.1277004518157,3.11178855671365
63,-1.01379375085479,12.1017454668351,-1.34947030964678,3.06528390092096,-3.02075818069937,-1.30622955357033,-2.47689240232632,12.1056630883763,3.05749971234014
63.02,-1.2538774404803,12.0793786043889,-1.53876866953926,3.02252666125265,-2.5432424442039,-1.7881245194633,-1.90502816484636,12.0747338104244,3.01362307307105
63.04,-1.43325543606293,12.0401947200535,-2.83586532758893,2.96355420315281,-1.44239799738941,-2.23335564405374,-1.34776271734895,12.0344281324878,2.9811570393828
63.06,-1.49082342570521,11.9659439912853,-2.64773389131152,2.96483074135707,-0.80104452052524,-2.57343312078903,-0.879669027552948,11.9861586466177,2.95906192051624
63.08,-1.5,11.934285364401,-1.49000776844863,2.9315124223318,-1.25746340926221,-2.80232993924267,-0.511941781157295,11.9322393149927,2.94529387038748
63.1,-1.5,11.9063436805474,-3.30608195110393,2.91453220498659,-0.153107401875618,-2.94423823348293,-0.224963549196059,11.8746740467904,2.93801866659563
63.12,-1.5,11.8020420863569,-3.07475261743391,2.92538812625677,0.284512865126951,-3.03127569767105,0.0090948190436391,11.8148240408286,2.9359534244681
63.14,-1.51081359309426,11.78335357585,-2.38894766948139,2.92591271959166,0.717999206979913,-3.08699462511037,0.210153542220858,11.7536104828073,2.93818270134296
63.16,-1.56547674984188,11.7064841795776,-3.94640092936478,2.95410809453597,0.66107683703599,-3.14476476284778,0.407228616553268,11.6913268109671,2.94433700065398
63.18,-1.74485474542451,11.6254975386754,-3.6615134117806,2.9523557930731,1.03202391863761,-3.2499227990717,0.639732758193205,11.6275196057097,2.95469377799543
63.2,-1.98493843505001,11.5600236431064,-3.91721474671414,2.99538905128147,1.12116059189018,-3.47299679285646,0.969226557250106,11.5605150510274,2.97060009606016
63.22,-2.27623561918809,11.4688089488069,-4.202430259007,2.99720221674871,1.09139544072309,-3.79377155799224,1.37014965594619,11.4879285267705,2.99395719576256
63.24,-2.43325543606293,11.3919264327461,-4.08594253937542,3.0390448689104,1.80198723666153,-4.117459790677,1.74774017907879,11.4087482023387,3.02524691327479
63.26,-2.49082342570521,11.3053712472318,-4.22089637661012,3.06928170621517,1.36869141975011,-4.34763052075315,2.00822230260469,11.3238924548994,3.06304841843389
63.28,-2.5,11.2230905776817,-4.91148225046913,3.0937925257004,1.91435787238545,-4.45153039008871,2.12094704321162,11.2357210573012,3.10455662728725
63.3,-2.5,11.1089119572131,-4.22552342894065,3.14585602111059,2.28413192295313,-4.45356698120019,2.11080701183484,11.1465191128336,3.14705901719355
63.32,-2.5,11.0540696405241,-3.77459511244806,3.18515780261853,2.49967342937396,-4.39980666166072,2.02315890624615,11.0579358526772,3.1884859053993
63.34,-2.5,10.9579281527151,-3.48437455507851,3.24584295828555,1.48325585022852,-4.31955773027259,1.88737575908527,10.9707030883854,3.22766497659569
63.36,-2.5,10.9146946583209,-3.82198241261476,3.24448803662767,1.93728811367886,-4.23372374256908,1.72459715200249,10.8851798583619,3.26381120696296
63.38,-2.5,10.8050488562106,-4.6154960496541,3.3233344828327,1.70673285964249,-4.15197808159657,1.54563596686968,10.8013265592056,3.29654130978734
63.4,-2.5,10.7300748163348,-4.28167767705783,3.31275735101337,0.506798423499977,-4.08045930026752,1.35804100847718,10.7190213956783,3.32558906794866
63.42,-2.5,10.6337817491282,-4.79453501618963,3.3436064197727,1.26396521174384,-4.02103968638526,1.16567750177781,10.6380267206684,3.3508321700651
63.44,-2.5,10.5382934156872,-3.79484919492614,3.36331595948312,1.65396044359116,-3.97423502239072,0.971318082290547,10.5580949056723,3.37220322328828
63.46,-2.5,10.4819877813312,-3.65243319320907,3.40976483751635,1.27682525502317,-3.93943005331428,0.776842728580722,10.4789713356941,3.38968906011273
63.48,-2.5,10.3921960879588,-4.00966450731293,3.41438896968405,0.129323920674673,-3.91599956527455,0.584217385369196,10.4004320758358,3.40329789483293
63.5,-2.5,10.3216012010387,-2.90728473798563,3.41493779434334,-0.355587818651615,-3.90301084318251,0.395169264811933,10.3222659568766,3.41307785596338
63.52,-2.5,10.2759046984394,-3.68092625697218,3.40016545693798,0.145517127665362,-3.89896567111658,0.210938002062983,10.2442610452194,3.41912876475727
63.54,-2.5,10.1743641507598,-4.3524467134338,3.42075847944995,0.724745717192021,-3.90299319560925,0.0332546591536234,10.1662523252434,3.42156003957053
63.56,-2.5,10.101806829902,-4.12258286886686,3.42915528562566,-0.0564368391442027,-3.91425500677348,-0.136205709723608,10.0880925199287,3.42051446447088
63.58,-2.5,10.0094608360051,-4.82580652136799,3.41850100588418,-1.27805969440038,-3.93175199456737,-0.296054980081614,10.0096436805407,3.41617314378481
63.6,-2.5,9.90877456904733,-3.84117557913966,3.37803289784965,-0.15650775416598,-3.95467032573298,-0.444907397263286,9.93079020010353,3.40874147475675
63.62,-2.5,9.85581381283954,-3.0992365586207,3.41224069571754,0.0474190195692392,-3.98223206669677,-0.581507150951229,9.85142910787576,3.39845567113318
63.64,-2.5,9.7848051067025,-3.86567558231725,3.37992965863242,-0.943374369611094,-4.01370970920276,-0.704799906618234,9.77147337839063,3.38557194219284
63.66,-2.5,9.70118678954685,-4.46680611954493,3.3745057209331,-0.365110812319902,-4.04854260201291,-0.813847363665888,9.69085711434701,3.3703594883836
63.68,-2.5,9.6061328619207,-4.19550138505196,3.36532522613962,-0.583505884456192,-4.08616589403048,-0.907948431974562,9.60952573823391,3.35310413866051
63.7,-2.5,9.53336673414477,-4.43143031823872,3.35116548555485,-0.966745289385751,-4.12548649669061,-0.987118558253728,9.52741631150742,3.33412451404925
63.72,-2.5,9.42887564919115,-5.00641001537265,3.32665541456419,-1.29381984109476,-4.16580623801285,-1.05129016127352,9.44449462035356,3.31372571486434
63.74,-2.5,9.33311033352986,-3.68230853598592,3.29941269191106,-2.05579458957751,-4.20695487430941,-1.10019262170527,9.36076011889715,3.29219290230249
63.76,-2.5,9.28158330775172,-4.07072269690918,3.24442363098109,-1.54247157020708,-4.24877081876782,-1.13376125581044,9.27622194307304,3.26980901485242
63.78,-2.5,9.17028142565349,-4.40796788178517,3.23771382910278,-0.720863160714469,-4.28976947960262,-1.15336419778206,9.19085058482197,3.24689951598945
63.8,-2.5,9.10526459248031,-3.91996377794666,3.21558910455251,-1.69992226354353,-4.32912010148961,-1.15995369471373,9.10464719591053,3.22375724853588
63.82,-2.5,9.01348287453563,-4.16110570880495,3.16971693856104,-1.4225075004773,-4.36715438380493,-1.15356343775969,9.01765942647598,3.20062338161444
63.84,-2.5,8.93882036412811,-3.43118290295608,3.15868880453342,-0.733766639340128,-4.4046126339981,-1.13398796958301,8.92995316155297,3.17771350427883
63.86,-2.5,8.87623555841738,-4.7490514270899,3.14036627298743,-1.26262108760473,-4.44016760033877,-1.10308016393008,8.84152153842207,3.15530500889356
63.88,-2.5,8.74885830704451,-5.04498988930981,3.10818396102923,-0.819280139129397,-4.47304594637628,-1.06228290316913,8.75237756089982,3.13364332364437
63.9,-2.5,8.67443596284499,-4.52651453112778,3.10759506742226,0.480427349148072,-4.50384711190711,-1.01180408960279,8.66258111332119,3.11291120078056
63.92,-2.5,8.5677977257994,-4.67156825685753,3.12740105499515,-0.744998907036554,-4.53227050044253,-0.952779936205929,8.57221727167449,3.09325048312461
63.94,-2.46441057910183,8.48757323257069,-4.1351049967782,3.07779511114079,-1.73766282202122,-4.55868681312288,-0.885800007269398,8.48124838192701,3.07490600066858
63.96,-2.15855086924149,8.40239352592828,-3.90941555380313,3.05789454211431,-1.37256815591152,-4.46287752324614,-0.92590536058341,8.39080124305692,3.05698971049711
63.98,-1.49876544977479,8.33119661041857,-5.30680356531485,3.02289238490433,-2.10717013775038,-4.03270342988419,-1.27028417607585,8.30478929139564,3.0360048564081
64,-0.187928121153428,8.19012138331568,-3.36402025902802,2.97360773660429,-2.60523320635199,-3.05106139574512,-2.10808294438107,8.23290395320353,3.003142598656
64.02,0.993060286346403,8.19663580005744,-0.661301912776846,2.91868305665025,-2.10726729960917,-1.67121707877235,-3.26136789733857,8.18543138439841,2.94955045014752
64.04,1.6528457058131,8.16366930680461,-0.569539467120572,2.88931704461992,-3.45776570649481,-0.387495334082843,-4.23182671375719,8.16536512957526,2.87395919859655
64.06,1.95870541567344,8.17385422137262,0.464982816742232,2.78037242839046,-5.09377815020828,0.444707182632334,-4.68137092295448,8.16680973766166,2.78386105421114
64.08,2,8.1822686194743,0.360481388254952,2.68556591861159,-4.45790764249241,0.85870846021415,-4.65978264717689,8.18040293860217,2.6898110111882
64.1,2,8.18827347690282,0.312977240247703,2.60205612269076,-4.35908267791129,1.03639635382631,-4.35417511595426,8.19959248245192,2.59935106663229
64.12,2,8.1947877090842,1.32185025524216,2.51120261149514,-3.61992730784698,1.12585229880241,-3.91098425537178,8.22128491833903,2.51654577803006
64.14,1.98377961035861,8.24114748711251,1.26823020350399,2.45725903037688,-3.19765254759496,1.19225830636873,-3.39735551168049,8.24448854925443,2.44336856243021
64.16,1.8861836230805,8.24551691722436,2.0674403481959,2.38329650959134,-4.09242911609301,1.2437315148043,-2.83147820043286,8.26888201539496,2.38099454651773
64.18,1.63271788186324,8.32384510104034,2.12647252127378,2.29356186573316,-2.75256075074601,1.25299533639801,-2.20591844743022,8.29395527258408,2.3305081517775
64.2,1.27259234742499,8.33057581807532,0.282120741489589,2.2731940795615,-1.05541386119102,1.18089875736314,-1.50688375537314,8.31845379183317,2.29325235276097
64.22,0.835646571217865,8.33512993069993,-0.0010664883126843,2.25134531128552,-0.473296099637122,1.02147956772144,-0.74228721787439,8.34057198333003,2.27068786020584
64.24,0.600116845905609,8.33053315854281,0.561118248390358,2.25426223557602,0.80433654131945,0.815693538638667,0.0525804394918246,8.35900520350664,2.26375786129266
64.26,0.518122110784187,8.35757466063554,0.841031562005146,2.2835187729383,1.79049583586083,0.600619563203708,0.847203102339473,8.3731669611636,2.272775653579
64.28,0.5,8.36417442102301,1.5855694587263,2.32588206901045,1.21181415697338,0.397761452799544,1.62134507914792,8.38313436487159,2.29749904614939
64.3,0.5,8.42099743898459,0.249646638556866,2.33199133921724,1.57857075790303,0.203144808930335,2.36947672746658,8.38913685628141,2.33745325844318
64.32,0.5,8.37416028656529,0.131017816896639,2.38902489932657,3.42748615288681,0.00822303643191347,3.08865559836218,8.39125430796414,2.39208794456743
64.34,0.5,8.42623815166046,0.207998905525963,2.46909078533271,3.82668427557896,-0.193092922702184,3.77373040178746,8.38942582126008,2.46076762758967
64.36,0.5,8.38248024278633,-1.0554474734989,2.54209227034973,4.22035709002572,-0.394591381364178,4.40967169235954,8.38352344705649,2.54271541569739
64.38,0.5,8.3840202527205,-0.833891388171626,2.63790506893374,5.19199743300225,-0.572397324232029,4.96496951379419,8.37378482593873,2.63663114203253
64.4,0.5,8.34912458725946,-0.582444273742855,2.74977216766982,5.10662952389057,-0.679691779206354,5.38584520084369,8.36108845213283,2.74042778184108
64.42,0.5,8.36072248177079,-0.364782742640157,2.84217024988936,5.29158395637557,-0.647797514005818,5.59571698206951,8.34752522232865,2.85065866411851
64.44,0.5,8.33453327755386,-0.509374593087752,2.96143552592484,6.09488806848388,-0.423108859925862,5.53173191702913,8.33648679365118,2.96240654715522
64.46,0.5,8.34034749804728,1.06899734594421,3.08596577262872,5.43526260608552,-0.0325535050191878,5.21388501590633,8.33173307524017,3.07020727984442
64.48,0.5,8.37729317139162,0.289845836959035,3.17884603016826,4.12027592096278,0.413398359316465,4.75368707483831,8.33555034527089,3.17001348913028
64.5,0.5,8.35194133152564,-0.314861529003885,3.25077680946723,3.46203012125911,0.812358942083727,4.2619166179323,8.34793471636427,3.26016450402675
64.52,0.5,8.36469871023147,0.723115478423164,3.31732723501863,4.05740787460164,1.12513111519962,3.78838163024538,8.36745298398602,3.34062829741152
64.54,0.492091239800406,8.38086595066257,1.60084338225253,3.41307312445129,3.70236259216247,1.35618195482043,3.33843430024651,8.39234989365364,3.41189809775583
64.56,0.424122415386998,8.42873244552157,1.39290209010725,3.46542173870513,3.02731598281929,1.50059478384558,2.92325535070799,8.42111726982825,3.47440305226755
64.58,0.255145254575493,8.43658203426686,1.3587213210962,3.53416576376406,2.64906347989156,1.544312631096,2.55973901981461,8.45176475981907,3.52911686914453
64.6,-0.0137937508547939,8.48308129836542,1.52426291700229,3.57138427790079,2.75875613724388,1.46486744701885,2.26815436488439,8.48205444098926,3.57728399689719
64.62,-0.27623561918809,8.49755255094695,1.81726571480971,3.64451600925382,2.15052946531115,1.28871983583807,2.02400898205224,8.50966472915533,3.62020093055678
64.64,-0.433255436062927,8.55577192695781,1.24844454416477,3.65740545651323,0.264406962486063,1.08419649495995,1.76947354930748,8.53333667077733,3.65823266323678
64.66,-0.490823425705209,8.54749033271354,0.821882651436878,3.65509228775326,1.67033402117984,0.90704740280303,1.46223719492994,8.55324762890452,3.69059706975375
64.68,-0.5,8.58864723301528,0.663602103281802,3.72421881736043,1.61644140125261,0.776284994761241,1.09454713558727,8.5700302959077,3.71623991879676
64.7,-0.5,8.57403441684481,0.592386755840391,3.71974994380337,-0.161773931303888,0.683417602362939,0.68190617255583,8.58458479380966,3.7340576400289
64.72,-0.5,8.6123427032489,1.10249757433678,3.71774786010827,-0.0114142529688444,0.615471046194293,0.242491735416379,8.59752845305802,3.74334142122931
64.74,-0.5,8.61813431981828,0.159818845328008,3.71929337368461,0.656597173995677,0.564742303721277,-0.210297720326311,8.60930976313395,3.7436740151634
64.76,-0.5,8.61873545706202,-0.0150963014408312,3.7440117470681,0.148903658542043,0.527184324589111,-0.666207341402894,8.62021108411671,3.73490564078414
64.78,-0.5,8.61753046776065,0.266070104236293,3.72524952002629,-1.49307912126756,0.499844576356718,-1.11608481272826,8.63046085932559,3.71706882957908
64.8,-0.5,8.62937826123147,1.33178845630408,3.6842885822174,-2.08710760205172,0.479560363996842,-1.55083603856756,8.64025588767998,3.69035950980663
64.82,-0.5,8.67080200601281,0.568270643408342,3.64176521594423,-1.82971163680369,0.462253064369218,-1.96055929382264,8.64968713597389,3.65518445069182
64.84,-0.5,8.6521090869678,1.06274410037392,3.61110011674525,-2.48729005984205,0.44177003099717,-2.33362747382642,8.65872965042941,3.61217755315563
64.86,-0.5,8.71331177002777,-0.0540946283916988,3.54227361355054,-2.1915291478656,0.40913143081827,-2.65615149979392,8.66725434549354,3.56219279225839
64.88,-0.5,8.64994530183214,-1.094496548339,3.52343895083063,-2.57747742465845,0.353335380454052,-2.91253317881663,8.6749304112594,3.50637880124402
64.9,-0.5,8.66953190809421,0.387984564148391,3.43917451656421,-2.90387062892377,0.263780602976281,-3.08786470652372,8.68116190975766,3.44623279647591
64.92,-0.5,8.66546468439807,-0.504089449733724,3.40728412567368,-3.9535265539975,0.133073887465302,-3.17118663708769,8.68519799961734,3.38348593121242
64.94,-0.50540679654713,8.64936833010486,0.454851794124433,3.28103345440431,-3.55493540430527,-0.0384590842981026,-3.16038777132239,8.68621289454601,3.32001282236942
64.96,-0.537938792306501,8.68365875616305,-0.234812334304246,3.26508670950146,-1.93422171045571,-0.252570067057652,-3.05359959425186,8.68335769947973,3.257727482965
64.98,-0.611248283358356,8.63997583673269,-1.25089505582565,3.20366458598608,-4.00117554930735,-0.513198378978843,-2.84942238701566,8.67575746393774,3.19855623120092
65,-0.756896875427397,8.63362295393002,0.00510826375310636,3.10503968752917,-2.44690428770076,-0.823236959527971,-2.54999840172467,8.66253105844408,3.14435863904108
65.02,-0.888117809594045,8.64018016728281,-0.411539378036974,3.10578841447805,-0.752567316040242,-1.1785533712471,-2.16654327773659,8.64255158228809,3.09709611915296
65.04,-0.9614273006459,8.61716137880854,-1.73724698411761,3.07493699488756,-1.76646059064848,-1.50385471123001,-1.7799748071779,8.61559030306237,3.05771640382709
65.06,-0.995411712852604,8.57069028791811,-1.27212308144737,3.03512999085211,-1.76044908628983,-1.75104622829208,-1.44384972591272,8.58291482497618,3.02556358509076
65.08,-1,8.56627645555065,-1.86578667162891,3.00451903143597,-2.21241495162723,-1.92281408724908,-1.16086125059878,8.54606451702544,2.99959536687531
65.1,-1,8.49605882105295,-2.05412863164938,2.94663339278702,-0.759808545630691,-2.03923778623057,-0.915843958641767,8.50637806190284,2.97886956863466
65.12,-1,8.48411131028467,-1.40177421451475,2.97412668961074,0.656555141033965,-2.11989475917569,-0.693550917671455,8.46472659769423,2.96281653025721
65.14,-1,8.43998785247236,-2.78963054996377,2.97289559842838,-0.678761717299081,-2.17803589973264,-0.484576785451444,8.42171927739342,2.95105098228801
65.16,-1,8.37252608828612,-3.1433690803838,2.94697622091878,-0.624280479322814,-2.21989460485813,-0.286003797798133,8.37771256941359,2.94336517116004
65.18,-1,8.31425308925701,-1.59864874079951,2.94792437925546,-0.91546485561167,-2.249799082996,-0.096610752818248,8.33300052285541,2.93955212975965
65.2,-1,8.30858013865414,-2.04070345410385,2.91035762669431,-0.399212938475435,-2.26958969125374,0.0826083440471524,8.28778858869364,2.9394323385657
65.22,-1,8.23262495109286,-3.11930174447959,2.93195586171645,0.578187940103481,-2.28061662440299,0.250358168296544,8.24227170307161,2.94278351367396
65.24,-1,8.18380806887496,-1.96279746903443,2.93348514429845,0.238379538741973,-2.28334907838631,0.404683005117063,8.19661828107172,2.94935811683423
65.26,-1,8.15411305233148,-2.59654599802226,2.94149104326613,0.84808071365845,-2.27798614797852,0.54357744525315,8.15099173108308,2.95886775410644
65.28,-1,8.07994622895407,-1.98814515320969,2.96740837284479,1.66996572001482,-2.26421162560635,0.664831255391606,8.10553340766909,2.97100822498444
65.3,-1,8.07458724620309,-1.94139613579805,3.00828967206672,0.941221264283898,-2.24235102349666,0.767019974342015,8.06041338993785,2.98540347496036
65.32,-1,8.00229038352215,-2.14587189265822,3.00505722341614,-0.208644275318937,-2.21354115845428,0.849699575056857,8.01582389020386,3.00162084120217
65.34,-1,7.98875237049676,-1.70730676730113,2.99994390105396,1.45008453837683,-2.17848032039132,0.912367175794906,7.97191427580656,3.01925091611038
65.36,-1,7.9339981128301,-3.35556852118999,3.06306060495122,1.96123596617086,-2.13742060776901,0.954454605785612,7.92879068683566,3.03790801202548
65.38,-1,7.85452962964916,-3.09213082988433,3.0783933397008,0.694801571221204,-2.09037629730555,0.975514668320736,7.88652376851452,3.05722373005042
65.4,-1,7.81031287963473,-0.272218622758369,3.09085266780006,0.976541061112124,-2.03987236371564,0.977651973833018,7.84524681862055,3.07676373362287
65.42,-1,7.84364088473883,-1.78376775817997,3.11745498214528,0.223765184891622,-1.98683711620649,0.961797789273761,7.80499842377373,3.09616892424878
65.44,-1,7.73896216930753,-3.53208759679551,3.09980327519573,0.615841809918605,-1.93226852226297,0.929224800135408,7.76579143448832,3.11511532322746
65.46,-1,7.70235738086701,-1.02507722934915,3.14208865454202,1.25343000366349,-1.87829200932354,0.882497941982825,7.72765325651249,3.13328208700766
65.48,-1,7.69795908013356,-0.943604928871,3.14994047534227,0.202227008237987,-1.82732976806282,0.824693538888836,7.69059796795152,3.15037540097264
65.5,-1,7.66461318371217,-2.42413605140472,3.15017773487154,0.762343553469869,-1.77931971713027,0.756769510773915,7.65453723147511,3.1662054129447
65.52,-1,7.60099363807737,-2.37698126995036,3.18043421748106,1.55634704990135,-1.73498132072196,0.680567252319285,7.61940027516477,3.18059106233438
65.54,-1.01186314029939,7.56953393291415,-1.00779740635943,3.2124316168676,0.259817429793197,-1.69684797630092,0.599790096216413,7.58510172395151,3.19339206814417
65.56,-1.1138163769195,7.560681741823,-0.8451738793116,3.19082691467279,-0.0474963259816774,-1.70041385812085,0.549687550220847,7.55121355464206,3.20482072116127
65.58,-1.36728211813676,7.53572697774169,-1.67616615225414,3.21053176382833,1.00502895547664,-1.83163712424509,0.612943262642385,7.51616712377584,3.21620014186197
65.6,-1.77069062628219,7.49363509573283,-3.19477422808248,3.23102807289186,1.96001238588576,-2.14909964688286,0.843782039709326,7.47674274656338,3.23042148185408
65.62,-2.16435342878213,7.40793600861839,-2.84494011664471,3.28893225926376,0.929850623260042,-2.62726500431824,1.21354832890804,7.42910860757077,3.25089967595904
65.64,-2.39988315409439,7.37983749106704,-1.9746148325096,3.26822209782226,0.623203340806255,-3.09592128986829,1.55502281363345,7.37172063862125,3.27876986192447
65.66,-2.48623513855781,7.32895141531801,-2.94073614941226,3.31386039289601,2.1542638267715,-3.42613788061121,1.74305068746256,7.30622971249269,3.31204414528452
65.68,-2.5,7.26220804509055,-5.24555542427489,3.35439265089312,0.869137838008094,-3.60156698287558,1.7621032430268,7.23573127987996,3.34734268444886
65.7,-2.5,7.11912919834701,-4.05063202523306,3.34862590641634,2.2249583993677,-3.67060239377367,1.65942430314964,7.16287269558519,3.38172012033479
65.72,-2.5,7.10018276408123,-2.72151501202953,3.44339098686783,1.62539342532485,-3.6879649132407,1.48830597237856,7.0892410826824,3.41327250482502
65.74,-2.46215242417009,7.01026859786583,-3.84717467172417,3.41364164342933,0.721102524138484,-3.67713997646423,1.2732987111837,7.01553172536825,3.44096980493315
65.76,-2.27083137555344,6.94629577721226,-3.03119203542999,3.47223508783337,1.6955404412709,-3.5916361046404,0.974317982998581,6.94264534291856,3.46365250137385
65.78,-1.64300839101423,6.88902091644863,-3.49900573464939,3.48146326108017,0.0735929911306221,-3.2887285701446,0.463756541122348,6.87324844184473,3.47859313831533
65.8,-0.701721872008222,6.80633554782629,-2.37949601504777,3.47517880747859,-0.628458188857295,-2.60283134899382,-0.40762569962014,6.8135508808397,3.47988624055309
65.82,0.138571041681035,6.79384107584672,-1.54402875234569,3.45632493352587,-1.79033840988979,-1.54328084090448,-1.62659202272543,6.77175397286638,3.45984527734473
65.84,0.766394026220245,6.74457439773246,-1.06452204685894,3.403565271083,-2.40455317312704,-0.376217391555057,-2.92812817104004,6.75263761867544,3.41418159818536
65.86,0.967881989968232,6.75126019397236,0.99842774966743,3.36014280660079,-3.87812796465129,0.674233477000719,-4.08006589360446,6.75595884020106,3.34368759272326
65.88,1,6.78451150771916,0.260078791746898,3.24844015249695,-5.16464714759894,1.36047652510084,-4.82118465648467,6.7770365907577,3.25384968944406
65.9,1,6.76166334564224,1.67390468003983,3.15355692069683,-5.03004912957401,1.60493350139661,-5.05850465785276,6.80737887040309,3.15425383176678
65.92,1,6.85146769492075,3.1675515889144,3.04723818731399,-4.52863500992688,1.52401355192208,-4.89938723688152,6.83905399106854,3.05416782300561
65.94,1.01081359309426,6.88836540919881,0.918362436453668,2.97241152029976,-3.94691313083212,1.29938941156151,-4.52454909420281,6.86738181988208,2.95971590481393
65.96,1.075877584613,6.8882021923789,0.217179374619136,2.8893616620807,-4.28674910712814,1.08200050503752,-4.08691766825471,6.89109090020037,2.87359078267944
65.98,1.22249656671671,6.89705258418358,0.696914415547156,2.80094155601463,-3.77929318707566,0.953510639922701,-3.67042189309486,6.91127948751849,2.79607396291165
66,1.51379375085479,6.91607876900078,1.24712539239942,2.73818993459768,-3.51534853912684,0.964296852045418,-3.32468017602121,6.93019497078053,2.72626894574264
66.02,1.77623561918809,6.94693759987956,1.4995559179503,2.66032761444956,-3.4711812485572,1.0987660609776,-3.03738968108074,6.95073733512105,2.66264511501956
66.04,1.9228546012918,6.97606100571879,1.55954735647783,2.59934268465539,-2.72182496277119,1.26560174755332,-2.73239224853448,6.97437716311047,2.60488002998157
66.06,1.99082342570521,7.00931949413867,1.58401293558887,2.55145461593871,-2.25127523413762,1.41719300082944,-2.37620793181947,7.00124736912354,2.55370162812693
66.08,2,7.03942152314235,1.10245329669767,2.50929167528988,-1.97038168357299,1.54051032577937,-1.96645897199202,7.0308653224481,2.51019724375422
66.1,2,7.05341762600658,0.58404933274292,2.47263934859579,-1.17242538718528,1.64356670935138,-1.51790423158693,7.06273158537714,2.47530259424909
66.12,2,7.06278349645207,1.77228348351943,2.46239465980247,-0.97954378809143,1.73715900539519,-1.04671269547362,7.09653394539545,2.44963472494561
66.14,2,7.12430896534735,2.65830692222406,2.43345759707214,-1.60425578223229,1.82560735300223,-0.563755382356089,7.1321654345892,2.43351709819495
66.16,2,7.16911577334103,2.29714622600887,2.39822442851318,0.377913597099466,1.91023450952057,-0.0772726884769379,7.16954473131425,2.42710231149727
66.18,2,7.21619481438771,1.58039642336179,2.44857414095611,1.22089346982844,1.99062333284495,0.406270046847956,7.20856427197477,2.43040041627349
66.2,2,7.2323316302755,1.55697776429413,2.44706016730632,0.551802318069949,2.0659804845416,0.880814141213881,7.24913041338908,2.44328837117551
66.22,2,7.27847392495947,2.34619351248584,2.47064623367891,1.98463115343525,2.13596618709005,1.3400128855598,7.29114938673853,2.46552897175985
66.24,2,7.32617937077493,2.74950541550132,2.52644541344373,1.53604409749371,2.20126076795054,1.77706250109394,7.33453220245364,2.49674537100071
66.26,2,7.38845414157953,1.84048544231348,2.53208799757866,1.59515522160154,2.26365737963436,2.18464263086075,7.37919800561951,2.53641815962427
66.28,2,7.39979878846747,2.05690679582227,2.59025162230779,3.02454604374376,2.32637955442645,2.55453412976887,7.42509333524865,2.58388245218325
66.3,2,7.47073041341242,3.10038565381512,2.65306983932841,2.42472633041363,2.39491483591406,2.87646436578914,7.47229086410379,2.63828173565716
66.32,2,7.52381421462008,2.82146027720134,2.68724067552434,3.89353742445397,2.47620305780412,3.1391609151417,7.52096776194854,2.69855266434826
66.34,1.97296601726435,7.58358882450047,2.49322383767978,2.80881133630657,3.11445434005951,2.57569853776966,3.33305893031398,7.5714298490973,2.76341805419239
66.36,1.81030603846749,7.62354316812727,2.24628273706799,2.81181884912672,2.26887956363225,2.63752291167758,3.50551747200903,7.62375863364731,2.83171691618776
66.38,1.38786313643873,7.67344013398319,1.60549388609164,2.89956651885186,4.18109210495917,2.53602769320825,3.77337916084389,7.67595393040008,2.90416482503107
66.4,0.715515622863015,7.68776292357093,2.17473293551826,2.97906253332508,4.57678638258473,2.10629703381179,4.2946326060769,7.72291678683457,2.98443290633049
66.42,0.0594109520297759,7.76042945140392,2.60865278459281,3.08263797415525,5.10855683292846,1.38517112229042,5.0287796097827,7.75815026370384,3.07748468630805
66.44,-0.333138590157318,7.79210903495465,0.694657599543547,3.18340480664222,5.60000336159848,0.70306478782743,5.64025609622987,7.77863508278372,3.18471854393537
66.46,-0.477058564263023,7.78821575538566,0.246289307617498,3.30663810861919,5.10339444714364,0.363416198676159,5.8203856566496,7.78867376521617,3.30010099148849
66.48,-0.5,7.80196060725935,-0.459746845439835,3.38754058452797,5.60672340480964,0.340432420895868,5.59813591907813,7.79532152371853,3.41481298384687
66.5,-0.5,7.76982588156807,-0.232685365956775,3.53090704481157,6.44626932161989,0.453548575985204,5.16108001801224,7.80316570812911,3.52262609440897
66.52,-0.5,7.79265319262108,1.52472901921701,3.64539135739276,4.53999332497154,0.57859976504458,4.63958377227155,7.81351822526089,3.62071695109294
66.54,-0.5,7.83081504233675,0.943269468924135,3.71250677781044,3.67852888718184,0.673784774971662,4.08249237783536,7.82610316614311,3.70797940594199
66.56,-0.5,7.83038397137804,1.12346822052667,3.79253251288004,3.06285997376744,0.73177369503417,3.50513072408582,7.84021958276641,3.78388336900312
66.58,-0.5,7.87575377115782,2.0040925505443,3.83502117676113,3.20407617447156,0.756513299125149,2.9124380749413,7.85512046780642,3.84810789316367
66.6,-0.5,7.91054767339981,0.687026591369611,3.9206955598589,2.39329278254851,0.754982462537553,2.30680946782529,7.87022576708362,3.90035550280228
66.62,-0.5,7.9032348348126,0.178864340020723,3.93075288806307,1.255734062894,0.734403320695521,1.69071363923043,7.88514378837306,3.94034458945965
66.64,-0.5,7.91770224700064,0.202400251999046,3.97092492237466,1.10035004467383,0.702309578538736,1.06686751303474,7.89957100216767,3.96789496486785
66.66,-0.5,7.91133084489256,-0.145190167704135,3.97476688985003,0.696049835445189,0.666541547750989,0.438237064627983,7.91329206255363,3.98292793838049
66.68,-0.5,7.91189464029248,0.121362884803333,3.99876691579247,-0.335141672053607,0.634377181729319,-0.191990048227674,7.92628178990213,3.98539800584326
66.7,-0.5,7.9161853602847,1.26194070375403,3.96136122296788,-0.931572683968374,0.611904655707603,-0.820081651604502,7.93872267545321,3.97527315401091
66.72,-0.5,7.96237226844264,1.10692099604779,3.96150400843373,-1.55026012761139,0.604192194054193,-1.44174249262815,7.95086224375647,3.95263368506799
66.74,-0.5,7.96046220012661,0.238685338204192,3.89935081786343,-2.20117877169458,0.614995650303213,-2.05216140022514,7.96302159255238,3.91766950184383
66.76,-0.5,7.97191968197081,0.388505378681581,3.87345685756595,-2.44040862599834,0.645639248808023,-2.64501869510068,7.97557047029971,3.87068854846603
66.78,-0.5,7.97600241527387,0.847043625905308,3.80173447282349,-2.48628070607873,0.69372594473431,-3.21119494454167,7.98895257599404,3.81206233791453
66.8,-0.5,8.00580142700702,1.11680264320899,3.7740056293228,-3.12387780519426,0.749625223679274,-3.73513351515179,8.00340472398893,3.74249126866846
66.82,-0.5,8.02067452100223,1.07417239541103,3.67677936061572,-5.25554970523507,0.795622177826105,-4.19399812517141,8.01888836738209,3.66306954378074
66.84,-0.5,8.04876832282346,0.642555530529032,3.5637836411134,-5.47861598652073,0.802624646709915,-4.55397008687725,8.03497287570811,3.57538342125773
66.86,-0.5,8.04637674222339,0.547725990014536,3.45763472115489,-4.35333313078395,0.730155484960123,-4.76927429180693,8.05046324465423,3.48187532221148
66.88,-0.5,8.07067736242404,0.851957601548836,3.38965031588204,-3.32218093067449,0.542589561195381,-4.79836306963253,8.06340363859221,3.38586042063114
66.9,-0.5,8.08045504628535,0.395829085845278,3.32474748392791,-4.72880482957859,0.23870391772221,-4.6346940033358,8.07137876829971,3.29123937658619
66.92,-0.5,8.08651052585785,-0.251287720929527,3.20049812269889,-4.05338819274739,-0.132964487434374,-4.32542287293917,8.07248376425887,3.20146219919067
66.94,-0.5,8.07040353744816,-0.766551252799585,3.16261195621802,-3.52462983946717,-0.50264932013958,-3.94443992908046,8.06607817130657,3.11869656897099
66.96,-0.5,8.05584847574587,-0.917388228912897,3.05951292912021,-4.54073798072961,-0.82150307144117,-3.54829565164497,8.05273270284738,3.04377039322276
66.98,-0.5,8.03370800829165,-0.929640090160833,2.98098243698883,-3.56919833355936,-1.0760253214435,-3.15915240800643,8.03368323449345,2.97668434470486
67,-0.5,8.01866287213944,-2.1893416310103,2.91674499577783,-3.22212258736176,-1.27185078055643,-2.77935708444602,8.01015984776674,2.91727139619431
67.02,-0.5,7.94613434305124,-1.33244362088547,2.85209753349436,-2.19650315103991,-1.41844397771114,-2.40658679158972,7.98311780638356,2.86548110246748
67.04,-0.5,7.96536512730402,-0.853529932424335,2.82888486973624,-1.94417817163469,-1.53178250854009,-2.03223915845637,7.95356447742125,2.82109097547932
67.06,-0.5,7.91199314575426,-1.9135363080381,2.77433040662898,-1.87411903829808,-1.61869252537374,-1.6557704419526,7.92201899172813,2.78420910706354
67.08,-0.5,7.88882367498249,-1.4837603739595,2.75392010820431,-0.732959397399213,-1.68612694040661,-1.27656011328675,7.88894334448021,2.75488128227412
67.1,-0.5,7.85264273079588,-1.1517035567606,2.74501203073301,-0.79831777027749,-1.73926874323627,-0.895596799219372,7.85467464152573,2.73315282345392
67.12,-0.5,7.84275553271207,-1.48011722504253,2.72198739739321,-0.774512758721968,-1.78161803260004,-0.515385595839906,7.81944450563599,2.71905234362147
67.14,-0.5,7.79343804179418,-2.68016808240978,2.71403152038413,-0.669705047005853,-1.81613558776898,-0.138837155615673,7.78345252318433,2.71252200586774
67.16,-0.5,7.73554880941568,-1.39301359302715,2.69519919551298,0.497139201482943,-1.84439943346526,0.229995543700626,7.74683349577491,2.71345198443825
67.18,-0.5,7.7377174980731,-1.73331898639806,2.73391708844345,0.643825609120485,-1.86689162256216,0.586130520062581,7.70970820891196,2.72164052373233
67.2,-0.5,7.66621604995975,-2.52728513370593,2.7209522198778,0.852372756108732,-1.88295394274805,0.923869982387776,7.67220289618253,2.73677407896322
67.22,-0.5,7.63662609272486,-2.59479890847032,2.7680119986878,2.31969556306921,-1.89062027742091,1.236669449551,7.63444679536494,2.75843201658369
67.24,-0.5,7.56242409362094,-2.42962509005376,2.81374004240057,1.16445257474732,-1.88669717845265,1.51708702981109,7.59663624584491,2.78604436573622
67.26,-0.5,7.53944108912271,-0.924070732573745,2.81459010167769,1.28355841713672,-1.86770339203876,1.75778200676835,7.559070629396,2.8188582551569
67.28,-0.5,7.52546126431799,-1.53820757581269,2.86508237908604,2.54341248304777,-1.82907512022376,1.95096544039455,7.52207964488414,2.85601871318471
67.3,-0.5,7.4779127860902,-1.82626078889796,2.9163266009996,1.71424177611357,-1.76687900148441,2.08997591553228,7.4860708973331,2.89653455332286
67.32,-0.5,7.45241083276207,-2.09821123445659,2.93365205013058,2.51826793566287,-1.68039938793973,2.17179352469155,7.45156021618532,2.93924646286037
67.34,-0.5,7.39398433671194,-1.33575759641249,3.01705731842611,2.56427417495494,-1.57154645934074,2.19676581669053,7.41901304245278,2.98301454462205
67.36,-0.5,7.39898052890557,-1.15167414867101,3.03622301712878,1.54064041574847,-1.44534928759429,2.1691034608032,7.3888298266311,3.02674767399824
67.38,-0.5,7.3479173707651,-1.73471114093493,3.07868293505605,2.2454531378892,-1.30911034489783,2.09614713488268,7.36128256373057,3.06946213083549
67.4,-0.5,7.32959208326818,-1.25214769514697,3.12604114264434,2.03765139000142,-1.17032818336103,1.98628594510147,7.3364757935121,3.11035253985618
67.42,-0.5,7.29783146295922,-0.0414251048509007,3.16018899065611,0.586657480375341,-1.03705385609254,1.84908916899752,7.31441588980876,3.14874621972624
67.44,-0.5,7.32793507907414,0.0171401332175414,3.14950744185936,1.43676747924938,-0.913625593042497,1.69117368301646,7.29492772372539,3.18417893183856
67.46,-0.5,7.29851706828792,-1.63687740370135,3.21765968982608,1.76396703086124,-0.802981085580579,1.51814439535395,7.27778375111675,3.21629327967953
67.48,-0.5,7.26245998292609,-1.32179009856503,3.22006612309381,1.91484445454434,-0.70631317092525,1.33419239665124,7.26271099143732,3.24483535929237
67.5,-0.5,7.24564546434532,-0.463193616149749,3.29425346800786,0.752940633492349,-0.623958769282112,1.14286018170247,7.24943448130667,3.2696130354562
67.52,-0.5,7.2439322382801,-0.877043220986096,3.2501837484335,0.287584405638619,-0.556054552815816,0.947606063146209,7.23763938574163,3.29053939909981
67.54,-0.51186314029939,7.21056373550588,-1.63759269324368,3.3057568442334,1.48883358159049,-0.500026998338034,0.749364146205578,7.22712595958427,3.30748529622774
67.56,-0.613816376919503,7.17842853055035,0.306695385065603,3.30973709169712,1.09733266029216,-0.493292232346972,0.586721826119474,7.21734608686586,3.32071699426109
67.58,-0.86728211813676,7.2228315509085,0.260614297960449,3.34965015064509,0.934249401737086,-0.606717317179209,0.528734372053511,7.20664458890949,3.33160445638903
67.6,-1.27069062628219,7.18885310246877,-1.39300613079216,3.3471070677666,-0.982152974472916,-0.923633054692638,0.653736463128298,7.19165251941532,3.34315167908245
67.62,-1.66435342878213,7.16711130567681,-1.21709041534077,3.31036403166617,0.0597477463939788,-1.37864177729495,0.896936486977406,7.16874194727948,3.35857169366102
67.64,-1.89988315409439,7.14016948585514,-1.77019590380671,3.34949697762236,1.51332161459407,-1.84427086243625,1.13511486674055,7.13643867940473,3.37899223796553
67.66,-1.98623513855781,7.09630346952454,-2.34598584125085,3.37089689624993,2.51883743396398,-2.19518812346612,1.2494252752081,7.09582154636006,3.40307489777258
67.68,-2,7.0463300522051,-2.39249713359386,3.45025047498092,2.12674316896621,-2.41143499868204,1.22178084372058,7.04954011827435,3.42801280249583
67.7,-2,7.00060358418079,-1.46489250607089,3.45596662300858,0.762410695453852,-2.52967986544541,1.08784606973991,7.00008076987108,3.45118681290974
67.72,-2,6.98773435196227,-2.56547223842292,3.48074690279908,1.22541914505231,-2.5935983435397,0.891243038239871,6.94873369501358,3.47109537461566
67.74,-2.00540679654713,6.89798469464387,-3.97535367500086,3.50498338881068,-0.269469821591417,-2.63215232676178,0.66115568068226,6.89642886810244,3.48667434647946
67.76,-2.03273837492094,6.82872020496223,-2.66873230509819,3.46996810993542,0.773158890524583,-2.67277800099845,0.426140519368501,6.8434046057845,3.49753267782098
67.78,-2.12242737271225,6.79123540243995,-1.92186795217542,3.53590974443166,0.171925521206207,-2.7389989265755,0.211340003981633,6.78936091645629,3.50384242449229
67.8,-2.2568968754274,6.75184548687522,-3.03531211449464,3.47684513078367,-1.33220808281247,-2.8598605911876,0.0468112300062437,6.73346699480995,3.50633352694451
67.82,-2.37693872024015,6.66982291786016,-3.79367581498,3.48262142111916,0.996159341787051,-3.0300659141142,-0.068573898281071,6.67463994537551,3.50604016056862
67.84,-2.46662771803146,6.60009845427602,-3.88712243133791,3.51669150445515,0.817608589188734,-3.21934598360005,-0.159224815188475,6.61213113929783,3.50376096145628
67.86,-2.4954117128526,6.51433802060664,-3.2722118297319,3.51532576468671,-0.411278930581405,-3.38847352958464,-0.258846586202519,6.54600398700694,3.49960812897204
67.88,-2.5,6.46920998108674,-3.17038965544398,3.50024034723189,-0.870438052175382,-3.52420955497939,-0.378513787001761,6.47681998431378,3.49326893025099
67.9,-2.5,6.38752243438888,-3.93201157571175,3.48050824259969,-0.936821495875995,-3.62988576393414,-0.514499490062722,6.40524616277306,3.4843505644234
67.92,-2.5,6.31192951805827,-3.56048771395294,3.46276748739685,0.0241383714184695,-3.71582211014369,-0.656434008919075,6.33175471236111,3.47265048984747
67.94,-2.48918640690574,6.24510292583077,-3.31249516111711,3.48147377745643,-0.982157151559149,-3.7869410122473,-0.7987669204635,6.25671322158058,3.45808856689026
67.96,-2.424122415387,6.17942971161359,-4.07523960260026,3.42348120133449,-1.52045656532189,-3.83449105806717,-0.948297049999986,6.18041178589533,3.44067332983859
67.98,-2.27750343328329,6.08209334172676,-3.25753803880886,3.42065551484356,-0.28512847892701,-3.80482910768127,-1.15406788606454,6.10380774189709,3.41981883698899
68,-1.98620624914521,6.04912819006123,-2.83952040679993,3.41207606217741,-1.55504701579616,-3.64901335452903,-1.46200915460666,6.02901921261996,3.3938645657954
68.02,-1.72376438081191,5.96851252545476,-3.39053577572799,3.35845363421171,-1.93152699647725,-3.37538401360794,-1.86349790259964,5.95871027270556,3.36064169503033
68.04,-1.5771453987082,5.91350675903211,-3.92045547181838,3.33481498231832,-1.40877036880097,-3.07151364214797,-2.27159178332736,5.89435709391824,3.31913988023809
68.06,-1.50917657429479,5.81169430658202,-3.30409807383403,3.30210281945967,-3.06523779867518,-2.83772985402388,-2.58314095041596,5.83536040550438,3.27044258799726
68.08,-1.5,5.78134283607875,-2.87640493910659,3.21220547037131,-3.60997150957331,-2.72024146460602,-2.74620731364401,5.77994754543368,3.21692105801002
68.1,-1.5,5.69663810901776,-2.70247445958671,3.15770395907674,-2.59770932070509,-2.70317077023654,-2.77131710434951,5.72586963326127,3.16152604385286
68.12,-1.5,5.67324385769528,-2.80016569077741,3.10829709754311,-2.87872995529244,-2.74505085125369,-2.69788892188969,5.6714293353641,3.10672447273113
68.14,-1.49459320345287,5.58463148138666,-2.56699973355621,3.04255476086504,-3.11367105302552,-2.81668700542984,-2.55638601442618,5.61585844952664,3.05407467767527
68.16,-1.4620612076935,5.57056386835303,-2.26732040293145,2.98375025542209,-1.48865312781976,-2.88345226044215,-2.38346675169555,5.55882955061212,3.00464531305773
68.18,-1.37757262728775,5.49393866526941,-2.20136697222966,2.98300863575225,-1.94412545218504,-2.91204444417233,-2.21390944323777,5.50078949155332,2.95869884190587
68.2,-1.2431031245726,5.48250918946385,-3.29925258480461,2.90598523733468,-1.92115177688096,-2.87973205980369,-2.07059662889645,5.44277170044681,2.91589671678541
68.22,-1.11188219040596,5.36196856187722,-4.18406697630562,2.90616256467701,-2.10097112642652,-2.79834427744803,-1.94227589882019,5.38598172729981,2.87572592818382
68.24,-1.03337228196854,5.31514651041162,-2.42597205536985,2.82194639227762,-3.0250051321389,-2.7083491880689,-1.79177327240908,5.33089017221705,2.83835950781168
68.26,-1.00604070359473,5.26492967966243,-2.71346273816024,2.78516235939146,-1.49607065973023,-2.64807097252239,-1.58672951888085,5.27736675716729,2.80449435916093
68.28,-1,5.20660800088521,-1.86737676712045,2.76210356588841,-1.5470901005189,-2.6220120167358,-1.32802847422782,5.22471100882704,2.77527269122375
68.3,-1,5.19023460897761,-1.98540022446607,2.7232787553707,-0.228999420191589,-2.62035294078609,-1.03014542763514,5.17233632345371,2.75162351753223
68.32,-1,5.12719199190657,-3.26191856684044,2.75294358908075,-0.13691845033682,-2.63095599684972,-0.709503540275102,5.11981996932873,2.73421420655757
68.34,-1,5.05975786630399,-2.58238996328748,2.71780201735723,-0.98160793170976,-2.64837227571025,-0.376253769127351,5.06703974611449,2.72333839657079
68.36,-1,5.02389639337507,-2.50469756697571,2.71367927181236,-0.464585114137583,-2.66874654480612,-0.0389007450783409,5.01388407107105,2.71917518771987
68.38,-1,4.95956996362496,-3.27837326001157,2.69921861279173,0.232663970894853,-2.68951421774429,0.295398358945133,4.96029179657426,2.72175835259039
68.4,-1,4.89276146297461,-3.0255313548917,2.72298583064815,1.61909268479594,-2.70910183172441,0.620506449312393,4.90630190474318,2.73093783845426
68.42,-1,4.8385487094293,-2.24486916820654,2.76398232018356,1.41793966898635,-2.72511152373841,0.929834303440861,4.85196078155392,2.74646524147912
68.44,-1,4.80296669624635,-2.49156292451582,2.77970341740761,0.754099736902858,-2.73389650898685,1.21598269537383,4.7973239709196,2.76799898041532
68.46,-1,4.73888619244866,-2.71902049202266,2.79414630965968,0.84073768827676,-2.73244489881661,1.4723915252682,4.74260654951104,2.79496953613457
68.48,-1,4.69420587656544,-2.79924543861658,2.81333292493868,2.18558866241384,-2.71750403462543,1.69268600640655,4.68810187765954,2.82666549949205
68.5,-1,4.626916374904,-2.87224952796188,2.88156985615623,1.9724383365619,-2.68414870803118,1.86944718097338,4.6340940984033,2.8623248147034
68.52,-1,4.57931589544696,-2.11575882158157,2.89223045840115,2.10524277286189,-2.62772180466267,1.99598452034605,4.58094810938837,2.90105423320921
68.54,-0.97627371940122,4.54228602204074,-2.37247231347515,2.96577956707071,2.40358024130881,-2.54137919423167,2.06406423595346,4.52917303921618,2.9417852108057
68.56,-0.772367246160994,4.48441700290796,-1.6823585717876,2.98837366805351,0.989463867486406,-2.36223706005198,2.0134469036053,4.4799427989493,2.98279779951321
68.58,-0.265435763726479,4.47499167916923,-2.55793301311051,3.00535812177016,2.07593636500395,-1.94902327777834,1.7127491068507,4.43626189280476,3.02064077708008
68.6,0.454815305150027,4.38209968238354,-2.2555885335122,3.07141112265366,1.04359194614371,-1.11938124627218,0.994026603416281,4.40468436181064,3.04858562728833
68.62,1.32870685756427,4.38476813782874,0.558493014238159,3.04710179961591,0.311788914540856,0.0327442572912141,-0.0393774259660264,4.39361897715209,3.058319159326
68.64,1.79976630818878,4.40443940295306,1.16977682646451,3.0838826792353,-0.970125006782696,1.15448034330467,-1.0327546586545,4.40583683870784,3.04723537525941
68.66,1.97247027711563,4.43155921088732,2.20398148039063,3.0082967993446,-3.02658601168764,1.96743974006873,-1.70658767058434,4.4376619722661,3.01921493691593
68.68,2,4.49259866216869,3.25825361383649,2.96281923876779,-1.59458933394895,2.42777309792913,-2.01381172299819,4.48211073027582,2.98148268682799
68.7,2,4.56188935544078,1.84330399405033,2.94451322598665,-0.982213683985866,2.63463157686037,-2.04957752309463,4.53304778118636,2.94050234151527
68.72,2,4.5663308219307,1.67689550396255,2.92353069140836,-1.10926856424176,2.70702278135555,-1.92904218029468,4.5866422346504,2.90050374873653
68.74,1.96755922071722,4.62896517559929,2.96948053208828,2.90014248341697,-2.15787059410483,2.71173192297245,-1.71826535701239,4.64094066318621,2.86388635481071
68.76,1.80356975047437,4.68511004321423,2.84695851315928,2.83721586764417,-2.29118256620933,2.63526717561966,-1.40905499932781,4.69457104397017,2.83242774063178
68.78,1.26543576372648,4.74284351612566,2.80595116255684,2.8084951807686,-1.35648852449464,2.35691843770805,-0.895843479679446,4.74495162535734,2.80893430268417
68.8,0.458618747435618,4.79734808971651,2.00341604418346,2.78295632666438,0.367440125201168,1.76616764003334,-0.085213765684285,4.78676860880548,2.79857641616469
68.82,-0.261632321440887,4.822980157893,0.680105170063894,2.82319278577665,1.80461438905175,0.895741609430769,0.982099864644899,4.81371982503628,2.80725113686289
68.84,-0.799766308188782,4.82455229651906,0.0253295226012584,2.85514090222645,1.17503475395019,-0.0908469791296609,2.14081307617322,4.82177123900972,2.83851909928346
68.86,-0.972470277115628,4.82399333879705,-0.907440124914394,2.87019417593466,1.89254745476873,-0.964608845642589,3.15995759873071,4.81087328407535,2.89192134987829
68.88,-1,4.78825469152249,-1.62188723255563,2.9308428004172,4.68340505539152,-1.5750370932794,3.87869150023603,4.78497804179648,2.962883165261
68.9,-1,4.75911784949482,-1.52353762263728,3.05753037815032,4.93407614635661,-1.85998316803912,4.22335717256614,4.75012794147148,3.04449468907612
68.92,-1,4.727313186617,-2.48080739106076,3.12820584627146,3.88887827903058,-1.87047004529262,4.23570982889574,4.71241227876841,3.12959404250808
68.94,-1,4.65988555385239,-2.58968782385867,3.21308550931154,4.32588346802886,-1.71319844194409,4.01866924118069,4.67640275911418,3.21241474350732
68.96,-1,4.62372567366265,-0.743349558237427,3.30124118499262,3.63836716348647,-1.49104848874262,3.67633699560325,4.64430107742737,3.2895200065765
68.98,-1,4.63015157152289,0.0319751640646349,3.358620195851,3.81963967648568,-1.27509969342134,3.28323901212423,4.61667899900124,3.35916673745177
69,-1,4.62500468022523,-1.68258355192215,3.45402677205205,2.49889703222427,-1.09304683714302,2.87253243890349,4.59305932325056,3.4207429548424
69.02,-1,4.56284822944601,-1.22125949695975,3.45857607713997,2.16178467264452,-0.950812040250703,2.45641693628579,4.57268636573608,3.47403669208677
69.04,-1,4.57615430034685,-0.926414815224219,3.54049815895783,2.2173646180901,-0.844970211058404,2.03832893680402,4.55477901103654,3.51899077231278
69.06,-1,4.52579163683704,-1.15826757267568,3.54727066186357,1.40351494689677,-0.769359198189397,1.61918131242801,4.5386632811469,3.55558154650584
69.08,-1,4.52982359743982,-0.801747199869585,3.5966387568337,1.46766053190519,-0.718613249660996,1.20059199598735,4.52383343650078,3.58376609304348
69.1,-1,4.49372174884226,-0.98290969003203,3.60597708313978,1.01218392704665,-0.686477072124066,0.783584752371046,4.50982759558441,3.60358833065334
69.12,-1,4.49050720983854,-0.955665257442617,3.63712611391556,0.60949317808856,-0.668916131265783,0.371038984032172,4.4963218334409,3.61510216540002
69.14,-0.978372813811478,4.45549513854455,-0.944371268793787,3.63035681026332,-0.513876394545787,-0.65937713826811,-0.036308420852501,4.48300210876781,3.61847821263867
69.16,-0.848244830773996,4.45273235908679,0.736338032657757,3.61657105813373,-1.03705385204247,-0.621572089199504,-0.46325863525917,4.47009496428566,3.61355278520143
69.18,-0.510290509150986,4.48494865985086,-0.418175343109439,3.58887465618162,-0.972278858329512,-0.477596095597219,-0.970390540158713,4.45883959885068,3.59941976155799
69.2,0.0275875017095878,4.43600534536241,0.0452442051489754,3.57767990380055,-1.65171941761346,-0.129828420826397,-1.63556997094873,4.45238177230106,3.57365577792425
69.22,0.552471238376179,4.48675842805682,0.434998775242468,3.52280587947709,-2.93051807922398,0.439450885466673,-2.46706151376481,4.45515817468096,3.53285643212837
69.24,0.866510872125854,4.45340529637211,-0.0506948877140978,3.46045918063159,-3.65340011922988,1.11288912495435,-3.3505540693439,4.47065534187346,3.4746235416823
69.26,0.975837185621084,4.48473063254826,2.16200550882646,3.37666987470789,-3.45389603513228,1.7056799479065,-4.104674561139,4.49912043326457,3.39970900878087
69.28,1,4.53988551672516,2.89994576622872,3.3223033392263,-4.24232412906195,2.06833368160595,-4.57630584983434,4.53733403957999,3.31233327094397
69.3,1,4.60072846319741,2.01532630238959,3.20697690954541,-4.83659319362005,2.13938634677275,-4.69717216085599,4.57985991532323,3.21904358874524
69.32,1,4.62049856882075,0.99326097845398,3.1288396114815,-3.94950633402239,1.97971102642215,-4.52239985032494,4.62133875347257,3.12644954216677
69.34,1,4.64045890233556,2.17750888003925,3.04899665618452,-4.58832114908193,1.71099764405805,-4.17229515980302,4.65832757304716,3.03931132339442
69.36,1,4.70759892402232,2.37560536152079,2.94530676551822,-3.74293584198692,1.43289402293506,-3.74912275485238,4.68974099463492,2.96002169608611
69.38,1,4.7354831167964,0.516556881292951,2.89927922250504,-3.40116797740537,1.19518994719484,-3.30755286782331,4.71593992650381,2.88944418866889
69.4,1,4.72826119927404,0.476431501267394,2.80926004642201,-3.48559315526262,1.00888594235805,-2.86508159583314,4.73791323865291,2.82770693433532
69.42,1,4.75454037684709,1.33856209883123,2.75985549629454,-2.11668810049711,0.870415188160677,-2.42510331931614,4.75663984892989,2.77480328509964
69.44,1,4.78180368322729,0.594175068457825,2.72459252240212,-2.40106898740806,0.772008022348688,-1.98720813118278,4.77298145384199,2.73070174567567
69.46,1,4.7783073795854,0.117756895230348,2.66381273679821,-1.60781573879694,0.704131715557054,-1.54963785882084,4.78770414823159,2.69532886426188
69.48,1,4.7865139590365,0.272337555178837,2.66027989285024,-0.368930582024796,0.66043898143427,-1.11337143326248,4.80131246249159,2.66870386993198
69.5,1,4.78920088179256,0.711405589319081,2.64905551351722,-0.313007604037729,0.634922329309294,-0.679830325131379,4.81423782352625,2.65077995664924
69.52,1,4.81497018260926,1.61999832389734,2.64775958868874,0.249098101420608,0.622691281430247,-0.251397316186262,4.82680383157026,2.64147092858398
69.54,1.0039543800998,4.85400081474845,1.02489179621899,2.65901943757405,0.000864608343775775,0.620427283578583,0.168262677585767,4.8392069504008,2.64066929739818
69.56,1.0379387923065,4.85596585445802,0.550168961140018,2.64779417302249,-0.715266236511514,0.63379608577722,0.568029013301139,4.85171071597168,2.6480816290201
69.58,1.12242737271225,4.87600757319405,1.12400682487646,2.63040878811359,1.37878311204082,0.681889902822812,0.92560909291931,4.86472695098696,2.66316583722603
69.6,1.242469217525,4.90092612745308,0.463698718558425,2.70294549750412,2.30381470393554,0.789507162255985,1.2134210170353,4.87936067570934,2.68465984167497
69.62,1.38811780959405,4.89455552193639,0.321259165251564,2.72256137627101,0.726035743803066,0.957790433021008,1.42487781927891,4.89677867222284,2.7111343394016
69.64,1.46662771803146,4.91377649406314,1.03970002815912,2.73198692725624,1.56656180084096,1.16029858973801,1.5782681614214,4.91794677683764,2.74122833110356
69.66,1.4954117128526,4.93614352306275,2.25984793341811,2.78522384830465,2.15155950019214,1.36092127949559,1.70219341767565,4.94318231861433,2.77406623722563
69.68,1.5,5.00417041139987,2.14396781238801,2.81804930726393,1.72669308528253,1.54076660378517,1.81172268268442,4.97223039708139,2.80923189627881
69.7,1.5,5.02190223555827,0.78129756575176,2.85429157171595,2.11752348814161,1.69892259089341,1.90674753557403,5.00461850564094,2.8464823004094
69.72,1.5,5.03542231402994,1.1089722346018,2.90275024678959,1.49782013920922,1.84168912591663,1.9808497665578,5.04002462392783,2.88541657555429
69.74,1.5,5.06626112494235,2.7111692053909,2.91420437728432,1.63724981118774,1.97353047727618,2.02956295750281,5.0782417980125,2.92552068889252
69.76,1.5,5.14386908224557,2.20190424238595,2.9682402392371,2.24475899282967,2.10043299048725,2.04752423516156,5.11898560677298,2.96634727209541
69.78,1.5,5.15433729463779,1.22245201135263,3.0039947369975,1.5055684734717,2.22167548409072,2.03598705106831,5.16220916676986,3.0072373692702
69.8,1.5,5.19276716269968,3.01001514354438,3.02846297817597,2.11774759057336,2.33642989820039,1.99689381648438,5.20781873237908,3.04759349714346
69.82,1.5,5.27473790037956,2.59958115713881,3.08870464062044,1.41832507467343,2.44527494870373,1.93137742076122,5.25562988591769,3.08693478978997
69.84,1.5,5.29675040898523,2.75786287264903,3.08519598116291,2.14152912442762,2.54577080667694,1.84377688755509,5.30554221960851,3.12473319909848
69.86,1.5,5.38505241528552,2.94906906345065,3.17436580559754,2.23543889421974,2.63669448571913,1.73753416497774,5.35740741644329,3.16055064187602
69.88,1.5,5.41471317152326,1.7348212165841,3.1746135369317,1.07181542419871,2.71971885801217,1.61352183294989,5.41097947196697,3.19409407384381
69.9,1.5,5.45444526394889,2.67676083028732,3.21723842256549,2.36741853447859,2.79416396943578,1.4749343446255,5.46611099076905,3.22502239397769
69.92,1.5,5.52178360473475,2.89633500651516,3.26931027831084,1.66196077691265,2.85927414738198,1.32509972905636,5.52267578735429,3.25302426476858
69.94,1.5,5.57029866420949,3.48073675020144,3.283716853642,1.10552621085752,2.91694457319253,1.16485444842433,5.58046534049502,3.27792398763118
69.96,1.5,5.66101307474281,3.8645077739246,3.31353132674514,0.450149898314445,2.96818273227994,0.995890085278847,5.63931881725456,3.29955277406184
69.98,1.5,5.72487897516648,2.49960801653759,3.30172284957457,0.907329883584063,3.01262981448403,0.821217266576626,5.69913801386204,3.31773134040874
70,1.5,5.76099739540431,2.34225847871634,3.3498245220885,0.913300180130705,3.0509294839177,0.642865272052354,5.75979259229149,3.33236686060137
70.02,1.5,5.81856931431513,2.46916104781654,3.3382548567798,-0.466046695902778,3.08385214826232,0.462694434435441,5.82115220316002,3.3434212096746
70.04,1.5,5.85976383731697,3.33984360088804,3.33118265425239,0.348634386554203,3.11135297820472,0.283323757669331,5.88311615006188,3.35087612547293
70.06,1.5,5.95216305835065,3.69321709683041,3.35220023224197,0.269846721161182,3.1335435492736,0.10714711754482,5.94557214610884,3.35477476501835
70.08,1.5,6.00749252119019,2.84518881035092,3.34197652309884,0.750838335038562,3.15022930376264,-0.0632891843098456,6.00841596890579,3.35520378295295
70.1,1.5,6.06597061076469,3.42736141350641,3.38223376564351,-0.950341151600032,3.16096394961555,-0.225324517877729,6.07154527736625,3.35229451428963
70.12,1.5,6.14458697773045,2.80289192520602,3.30396287703484,-1.0954164720504,3.1656913195196,-0.376768630983367,6.13482604799485,3.34625051914695
70.14,1.5,6.17808628777293,2.50931218342976,3.3384171067615,0.0275371568003946,3.1641138848443,-0.515395968175586,6.19812722296868,3.33731309193917
70.16,1.5,6.24495946506764,4.61321210497148,3.30506436330685,-0.629699377092874,3.15544368182139,-0.638731933398794,6.26133273775524,3.32574633431072
70.18,1.5,6.36261477197179,3.49541251903149,3.31322913167778,-0.315561404871745,3.13948551599772,-0.745046059772587,6.32429812591715,3.31187435079893
70.2,1.5,6.3847759658289,2.32832740222531,3.29244190711198,-0.441039075995231,3.11641968530563,-0.83317044467651,6.38686794436713,3.29606246461482
70.22,1.5,6.4557478680608,3.61612042667359,3.29558756863797,-0.795576844170798,3.0863923453703,-0.902155779181024,6.44890344920166,3.27868119294255
70.24,1.5,6.52942078289584,2.61647331176675,3.26061883334515,-1.88880268020361,3.0501987841152,-0.951905335373606,6.51025982145193,3.26012312798209
70.26,1.5,6.56040680053147,2.46952158241334,3.22003546142983,-0.905009607205198,3.00850985862505,-0.982446628840961,6.57082127054465,3.24077558183116
70.28,1.5,6.62820164619237,2.81911363803307,3.22441844905694,-0.352048142368899,2.96143864481165,-0.993536077069862,6.63052249142649,3.22099106790381
70.3,1.5,6.67317134605279,2.68302796709721,3.20595353573507,-1.90055150899007,2.91047931398045,-0.986462137934096,6.68928034241979,3.20113512272276
70.32,1.5,6.73552276487626,2.66579184193787,3.14839638869734,-1.01789252037908,2.85850287581654,-0.96404063475409,6.74699394622887,3.18158604552526
70.34,1.5,6.77980301973031,3.16499421533849,3.16523783491991,0.209085382615515,2.80709728536074,-0.928104710646957,6.8036362307512,3.16265206192223
70.36,1.5,6.8621225334898,3.12551268662469,3.15675980400196,-0.756362040452141,2.75629687659421,-0.879265140006043,6.85926084475901,3.14456448884452
70.38,1.5,6.90482352719529,2.86479229582404,3.13498335330182,-1.70327408005196,2.70712143310852,-0.819224094456069,6.91390266236013,3.12755393057031
70.4,1.5,6.97671422532276,2.8998880224669,3.08862884079988,-0.389137683868934,2.66118865166787,-0.750387704702273,6.9675887127869,3.11183726312629
70.42,1.5,7.02081904809397,2.60455591286619,3.11941784594707,-0.474217317565295,2.61922118736513,-0.674475566723684,7.02038826838599,3.09757407444604
70.44,1.5,7.08089646183741,1.97157425716352,3.06966014809727,-0.976093279728885,2.58156772850319,-0.593003347241262,7.07239041877599,3.08488903528781
70.46,1.5,7.09968201838051,1.96420507229578,3.08037411475791,0.163929846906974,2.54864617255147,-0.507620812852182,7.12368271863591,3.07388063671493
70.48,1.5,7.15946466472924,4.28565711193696,3.07621734197355,-0.225858677054902,2.52053417611025,-0.419715284461478,7.1743642956631,3.06460735583511
70.5,1.5,7.27110830285799,3.56641805290596,3.07133976767571,-0.784074709258842,2.49727472543378,-0.330694273204677,7.22453419369012,3.0571026486544
70.52,1.5,7.30212138684548,1.4783616317412,3.0448543536032,-0.810580255448801,2.47919461727978,-0.242256852017003,7.27428593126648,3.051379409905
70.54,1.48022809950102,7.33024276812764,1.41641374038322,3.03891655745776,0.475928744585763,2.45872828390624,-0.148549613324833,7.32369815015846,3.04743598144242
70.56,1.3103060384675,7.35877793646081,2.52579297277236,3.06389150338663,-0.0588685585968474,2.38040858982149,0.00191233208901017,7.37227222922857,3.04579416628815
70.58,0.887863136438733,7.43127448703853,2.15891839578763,3.03656181511389,-0.822639132921854,2.11755363342049,0.327509690449553,7.41769120978773,3.04867407611956
70.6,0.287653912374978,7.44513467229231,1.19819927819242,3.03098593806975,1.72905232067306,1.54295104799287,0.943793245890879,7.45489711396339,3.0608327872941
70.62,-0.440589047970224,7.47920245816623,0.695990678762204,3.10572390794081,2.89850397186624,0.688973972083705,1.80762575779965,7.47748066875956,3.08814088239928
70.64,-0.833138590157318,7.4729742994428,-0.139045082915845,3.1469260969444,2.90882144327795,-0.157254003611702,2.62662020837739,7.48252026907452,3.13282668009228
70.66,-0.977058564263023,7.4736406548496,-0.654871953733482,3.22207676567193,2.69381808536155,-0.741784051780474,3.1423381347973,7.47299259036635,3.19112687877427
70.68,-1,7.44677942129346,-0.104322420724579,3.25467882035887,2.53325826418179,-1.01177400168732,3.2983834992883,7.45499279580794,3.25607608931898
70.7,-1,7.46946775802061,-1.34858611112563,3.3234070962392,3.45880861546138,-1.06114485155133,3.18713155620582,7.43400457729043,3.32126818169994
70.72,-1,7.39283597684844,-2.31688544536657,3.39303116497732,1.77439752518509,-1.01081191783934,2.9298249648939,7.41318324113968,3.38261404378752
70.74,-0.962152424170088,7.37679234020595,-0.301707664231232,3.3943829972466,3.11920313396544,-0.923534487267847,2.59258139739118,7.39378123921609,3.43796264525431
70.76,-0.770831375553436,7.38076767027919,0.00217799980908318,3.51779929033594,2.87985509203813,-0.762801313290665,2.15001198234471,7.3767412376213,3.48560625321344
70.78,-0.143008391014226,7.37687946019831,0.03399350820672,3.50957720092813,0.825710662214896,-0.422482498591085,1.51717273935814,7.36444628428834,3.52271065997949
70.8,0.798278127991779,7.38212741060746,-0.295796427551687,3.55082771682453,1.88317379675923,0.243040048521375,0.580954576703368,7.36211238859777,3.54417901286852
70.82,1.63857104168103,7.36504760309625,0.847205078399704,3.5849041527985,-0.831913092507519,1.22260126511485,-0.625702750635789,7.37630708931612,3.54410542830511
70.84,2.26639402622024,7.41601561374344,3.08682488803369,3.51755119312423,-2.95650272998725,2.35076311972274,-1.93146089033549,7.4120603451137,3.51844303252873
70.86,2.46788198996823,7.48852059861759,4.13669308363112,3.46664404359901,-3.12868608955652,3.38371547685644,-3.09938650296374,7.46964882329702,3.46781484078471
70.88,2.5,7.58148333708869,3.55454548369936,3.39240374954197,-3.77612374672411,4.1809185809468,-3.9887467683138,7.54579709788785,3.39636212892994
70.9,2.5,7.63070241796557,3.51565297972496,3.31559909373004,-4.25968542493543,4.6493841879217,-4.50932456158019,7.63467732503449,3.31073988170872
70.92,2.5,7.72210945627769,4.87922512070609,3.22201633254456,-4.94702588044919,4.78115028676955,-4.65501704880001,7.72948020019458,3.21853319825585
70.94,2.5,7.82587142279381,4.6859601184994,3.11771805851208,-4.45551089151135,4.64557883976865,-4.49539984388216,7.8241174261448,3.12659628929569
70.96,2.5,7.90954786101766,4.4503984492527,3.0437958968841,-3.76583279644904,4.37986142083292,-4.16338573187907,7.91445019967583,3.03985238530303
70.98,2.5,8.00388736076392,4.51733652732103,2.96708474665411,-4.15684804899796,4.09177386597825,-3.76357895030909,7.99917067234203,2.96050443289911
71,2.5,8.0902413221105,3.41732225160727,2.87752197492418,-3.91251523583543,3.84061992399216,-3.35331130892113,8.07841277599646,2.8893388556755
71.02,2.5,8.14058025082821,2.27535498413203,2.8105841372207,-2.07180876990309,3.64189979203215,-2.94963951357999,8.15315075856604,2.82632318794752
71.04,2.5,8.18125552147579,4.06559911321236,2.79464962412806,-2.05794866090891,3.49299338108368,-2.55388243117406,8.22451867120242,2.77123439910967
71.06,2.5,8.3032042153567,4.15143585727304,2.72826619078434,-3.77405538756653,3.38923382166045,-2.16542680614997,8.29333407783334,2.72401170237075
71.08,2.5,8.34731295576671,3.62466248821489,2.6436874086254,-1.56960218062763,3.3244956891888,-1.78325638197127,8.36033114137033,2.68458897308654
71.1,2.5,8.4481907148853,2.79642515210408,2.66548210355924,-0.716730934143484,3.28890597545616,-1.40462435293104,8.42634624551374,2.65276528882927
71.12,2.5,8.45916996185087,3.72878353886597,2.61501817125966,-1.37963778433631,3.2755425954087,-1.02920641079158,8.491968156687,2.62842603127243
71.14,2.5,8.59734205643994,4.08892400934771,2.61029659218578,-0.434847970956154,3.28135019242062,-0.659509714870744,8.55751150381409,2.61154812838581
71.16,2.5,8.62272692222478,2.21882126207236,2.59762425242141,-0.488135025585701,3.30222743564004,-0.297531240116598,8.62331270897817,2.60200113531574
71.18,2.5,8.68609490692283,3.0312895071777,2.59077119116235,0.433229002580504,3.33444413259341,0.0544307937984158,8.68966016298014,2.59959082963881
71.2,2.5,8.74397850251189,3.72017860733376,2.61495341252463,0.965443859948367,3.37552868641168,0.393295084668504,8.75674710816009,2.60409078950414
71.22,2.5,8.83490205121618,4.2576060731375,2.62938894556029,-0.188219998539729,3.42375996737255,0.715486643191365,8.82472740445761,2.61520889264487
71.24,2.5,8.91428274543739,2.99591112130284,2.60742461258304,1.2061201267197,3.47790053763872,1.01741554271196,8.89373443900035,2.63257641090654
71.26,2.5,8.9547384960683,3.30965825363894,2.67763375062908,2.65760249893691,3.53723548912625,1.29548244377634,8.9638784059707,2.65574996363116
71.28,2.5,9.04666907558294,3.62099296515117,2.71372871254052,1.01305485060632,3.60271875182254,1.54512866540761,9.03519904015823,2.68426985214811
71.3,2.5,9.09957821467434,3.48881164699941,2.71815594465333,0.668368964873534,3.67349745351596,1.76358961951916,9.10786010522825,2.7174903323182
71.32,2.5,9.18622154146292,4.48422155547119,2.74046347113546,1.28534258949242,3.74808439996389,1.949242280672,9.18204714183893,2.75468839696944
71.34,2.5,9.27894707689319,4.15713216534899,2.76956964823303,2.44113228947523,3.82631055235605,2.10010997321758,9.25785870250294,2.79517530103039
71.36,2.5,9.35250682807688,2.67900136460244,2.83810876271447,3.01221763835332,3.90932502731431,2.21386237129758,9.33530635158734,2.83829656153015
71.38,2.5,9.38610713147729,2.49855747848051,2.89005835376716,1.7677691009093,3.99817068640993,2.28899400949679,9.41437610379651,2.88339030802595
71.4,2.5,9.4524491272161,4.61684550537296,2.90881952675084,2.56137942342838,4.08827499648667,2.32969610906715,9.49521658529999,2.9296597643826
71.42,2.5,9.57078095169221,4.83442368891915,2.9925135307043,2.82170734891545,4.17596581337781,2.3402441496123,9.57785679533573,2.97641296503803
71.44,2.5,9.64582607477287,4.29750872704697,3.02168782070746,2.7656221557813,4.25896289371977,2.32411012642563,9.6622374423135,3.02307269886798
71.46,2.5,9.74268130077409,4.28536571340268,3.10313841693555,2.0173336974703,4.33622174916464,2.28407728069907,9.74821945508035,3.06917129264631
71.48,2.5,9.81724070330897,4.63573847682901,3.10238116860627,1.21670719702657,4.40670819258257,2.22312413555225,9.8356561506976,3.11428060563221
71.5,2.5,9.92811083984725,5.65563893420307,3.15180670481661,2.0237729959091,4.46931506978277,2.14423062129176,9.92443340470617,3.15797849153071
71.52,2.5,10.0434662606771,4.32064427229206,3.18333208844264,2.40176029297309,4.52363726116878,2.04962049330925,10.0143086173699,3.20000829885893
71.54,2.46045619900203,10.1009366107389,4.7920072861229,3.24787711653553,2.4763070231411,4.56689252561752,1.94413781315511,10.105325176127,3.23987542401173
71.56,2.12061207693499,10.235146552122,4.11634067687858,3.28238436936828,1.43975429502916,4.47692126979101,1.94419021742856,10.1961784358851,3.27839873808478
71.58,1.27572627287747,10.2655902378141,3.36093359622978,3.3054672883367,2.03782981084721,4.0198702263925,2.2632184802766,10.2820324626634,3.31969836451284
71.6,0.0753078247499559,10.3695838959712,3.50448365086296,3.36389756180217,3.09029206498935,3.02456257564783,3.03519012328815,10.3532986657588,3.37203233787942
71.62,-1.38117809594045,10.4057695838486,0.962693322439456,3.42907897093627,5.08068558861426,1.63734132727086,4.07901495629902,10.4001284849745,3.44316816899971
71.64,-2.16627718031463,10.4080916288688,0.436695966439604,3.56712498534674,5.22141022529099,0.397087222794295,4.8656838616802,10.4198589847793,3.5333884614219
71.66,-2.45411712852605,10.4232374225062,-0.442372644673261,3.63793537994791,4.67636074460239,-0.411591366428942,5.14647104221295,10.4189778834778,3.63434043031649
71.68,-2.5,10.3903967230819,-0.778035178678227,3.75417941513084,4.81345222661569,-0.853423740849273,5.01080409332611,10.4058787791224,3.73644433961953
71.7,-2.5,10.392116015359,-0.963973631787951,3.83047346901254,3.55230599697018,-1.09879537324364,4.63463318521529,10.3861308091892,3.8331903625261
71.72,-2.5,10.3518377778103,-0.544026703799982,3.89627165500964,4.5313472860627,-1.2698781645558,4.13674428241484,10.3623858743283,3.92104444041652
71.74,-2.5,10.370354947207,-1.04424594951396,4.01172736045505,3.81299101926249,-1.42271831168297,3.57413119959203,10.335449881185,3.99823479788793
71.76,-2.5,10.3100679398298,-2.58197942904546,4.04879129578014,2.49896952518547,-1.57886803093458,2.97330962430442,10.3054526817734,4.06375829737911
71.78,-2.5,10.2670757700452,-2.00995659534642,4.11168614146247,2.90846523530477,-1.74401252675995,2.34814292033071,10.2722361109603,4.11700674309323
71.8,-2.5,10.2296696760159,-1.79144867971304,4.16512990519233,1.28469509319638,-1.9170982330148,1.7075879682574,10.2356321759352,4.15758340620107
71.82,-2.5,10.1954178228567,-2.55783989673488,4.16307394519032,0.649696660980514,-2.09316792291993,1.05793396637483,10.1955153094459,4.18526091598682
71.84,-2.5,10.1273560801465,-2.52396247721975,4.19111777163155,1.22023651615104,-2.2659695412109,0.404963757428193,10.1519042119809,4.19990309186513
71.86,-2.5,10.0944593237679,-2.28529299931255,4.21188340583636,0.0368229327694092,-2.42951096622185,-0.245831958611928,10.1049355761681,4.20148437783894
71.88,-2.5,10.035944360174,-2.45105196387225,4.19259068894233,-1.21502859328961,-2.57841790725055,-0.889224169265356,10.0548406043083,4.19010213588124
71.9,-2.5,9.99641724521303,-2.3669660523193,4.16328226210478,-1.99322239440696,-2.70797471396366,-1.52021372915125,10.0019426175591,4.16597818167808
71.92,-2.5,9.94126571808125,-3.4311653665025,4.11286179316605,-2.73072089187314,-2.81549542358898,-2.13341151639763,9.94663881696984,4.12944235985786
71.94,-2.5,9.85917063055293,-2.21401597896445,4.05405342642985,-2.29191462596343,-2.90069678165013,-2.72315799106957,9.88943375565377,4.080848279699
71.96,-2.5,9.85270507892267,-2.17574100678104,4.02118520812751,-2.34514401813928,-2.9657272909154,-3.2822473454893,9.83076268631483,4.02071891659557
71.98,-2.5,9.77214099028168,-3.46354635091153,3.96024766570428,-4.33790034258534,-3.01540674990515,-3.80155522671495,9.77095173730283,3.94977976138614
72,-2.5,9.71416322488621,-3.5021226373019,3.8476691944241,-4.06946991832274,-3.05722625289205,-4.27003873654303,9.71021791261311,3.86895882035347
72.02,-2.5,9.63205608478961,-3.7533933802762,3.79746886897137,-3.66142245913813,-3.10241512476439,-4.67340560679005,9.64864459888863,3.77939480594951
72.04,-2.5,9.56402748967516,-3.16175030790311,3.70121229605858,-5.69433224189706,-3.16907810636826,-4.98951526766732,9.58598444987364,3.68259714731143
72.06,-2.5,9.50558607247348,-2.32255498373095,3.56969557929549,-5.71132536397119,-3.27788835677541,-5.19292492831159,9.52159654905733,3.58056914864627
72.08,-2.5,9.47112529032592,-4.32122505371972,3.47275928149973,-4.82171856026836,-3.44808946189187,-5.25941672417819,9.45447054844509,3.4757794334714
72.1,-2.5,9.3327370703247,-3.95061281438709,3.37682683688476,-5.19220433594225,-3.67945674411381,-5.18570971102635,9.38326577532614,3.37112857006603
72.12,-2.5,9.31310077775044,-2.407996662747,3.26507110806204,-6.067849244887,-3.94440257124188,-5.0012070510324,9.30703433007981,3.26912805085713
72.14,-2.48918640690574,9.23641720381482,-4.5990441209864,3.13411286708928,-5.06229726101094,-4.1924183207287,-4.76382415781133,9.22553004454308,3.17150415543212
72.16,-2.424122415387,9.12913901291098,-4.24740578952512,3.0625792176216,-3.17637467737912,-4.36492888847206,-4.5419194820621,9.13980283510607,3.07849718082222
72.18,-2.25514525457549,9.06652097223381,-4.23190097650288,3.00705787999411,-3.78220729267202,-4.41395520440926,-4.38745935292547,9.05181959122487,2.98931340393945
72.2,-1.98620624914521,8.95986297385087,-5.03933253425388,2.91129092591472,-4.69905194270964,-4.31659978778355,-4.32041710647371,8.96437042683432,2.90227963040318
72.22,-1.72376438081191,8.86494767086366,-3.99473568146331,2.81909580228573,-4.82013206983653,-4.13442927069811,-4.27364877003843,8.8797782119902,2.8163125738511
72.24,-1.56674456393707,8.80007354659234,-2.70663056819869,2.71848564312126,-3.56919053947078,-3.95341664172135,-4.16185396066659,8.79890904739642,2.73184132248836
72.26,-1.51208140718946,8.75668244813571,-3.7194231064416,2.6763281807069,-3.52691905702679,-3.83128274912717,-3.93548616970526,8.72115287900781,2.65068931312228
72.28,-1.5,8.65129662233467,-4.87674922970833,2.57740888084019,-4.61800211180983,-3.76771687849452,-3.60378368778311,8.64526493415107,2.5751265640151
72.3,-1.5,8.56161247894737,-3.72819852409769,2.4916080962345,-2.62491787408615,-3.73913369252446,-3.19688167612864,8.57019332340613,2.50704985281085
72.32,-1.5,8.50216868137077,-4.26813590225574,2.47241216587674,-2.29224081004838,-3.72611159850598,-2.739431638542,8.49553888420065,2.44762891606424
72.34,-1.5,8.39088704285714,-4.81212947275442,2.39991846383257,-3.15731126001929,-3.7194810346921,-2.24657228176007,8.42113194177877,2.39768809277578
72.36,-1.5,8.30968350246059,-3.36019736037891,2.34611971547597,-1.37104701825882,-3.71651503736387,-1.72764066191908,8.3467945908043,2.35789648769427
72.38,-1.5,8.25647914844199,-2.63250787165101,2.34507658310221,-0.224779686020049,-3.71763702401747,-1.18966674074705,8.27245969800585,2.32869469867037
72.4,-1.5,8.20438318759455,-3.16941873931387,2.33712852803517,-1.42954841058837,-3.72491085687272,-0.638829834880601,8.1980484670749,2.31039107762046
72.42,-1.5,8.12970239886943,-4.15821480614866,2.28789464667868,-1.06535046749624,-3.74143157974205,-0.0805461427308558,8.12340430471571,2.30319168502083
72.44,-1.5,8.0380545953486,-4.29786236136398,2.29451450933532,0.729419908981022,-3.77100099324913,0.480279869669897,8.04830848278532,2.30718735481957
72.46,-1.5,7.95778790441487,-2.99291451368928,2.31707144303792,2.14842898496054,-3.81743821982344,1.03894888708918,7.97248914179903,2.3223554621131
72.48,-1.5,7.91833801480103,-3.47205626317066,2.38045166873374,1.20924690266677,-3.88338410240091,1.58975029179051,7.89552533514934,2.34864422982724
72.5,-1.5,7.81890565388805,-4.51028084615308,2.36544131914459,2.02535015652192,-3.96942442890655,2.12608195133416,7.81700822025794,2.38585000160417
72.52,-1.5,7.73792678095491,-3.90755608712909,2.46146567499462,2.80967430326846,-4.07395490335652,2.64054374595187,7.7365788656957,2.43358870820834
72.54,-1.5039543800998,7.66260341040288,-4.5098028417851,2.47782829127533,2.69806442510222,-4.19061319646318,3.12271893532384,7.65393971439839,2.49129769348143
72.56,-1.5379387923065,7.5575346672835,-5.46051002221348,2.5693882519987,3.82336329633598,-4.31386105145953,3.5633860761241,7.56883755149568,2.55830367017676
72.58,-1.62242737271225,7.44418300951434,-4.14465509759485,2.63076282312877,3.38419308827502,-4.45437372488995,3.96749091553014,7.4810324912926,2.63380717071109
72.6,-1.742469217525,7.39174846337971,-3.72576585228535,2.70475597552971,4.16089551955138,-4.60177339077575,4.3227187063882,7.39048194123826,2.71678326932966
72.62,-1.88811780959404,7.29515237542293,-4.89624751466928,2.79719864391082,5.0423813133663,-4.72126569465626,4.59663962143664,7.29735603036986,2.80597655462691
72.64,-1.96662771803146,7.19589856279294,-4.30683873126954,2.90645122806436,5.54025791897529,-4.74850562369869,4.73145373704096,7.20233784250743,2.89965335195943
72.66,-1.9954117128526,7.12287882617215,-4.7856568270602,3.01880896066984,5.18872901975483,-4.61610793508178,4.66524453276334,7.10840871879681,2.9939759697838
72.68,-2,7.00447228971053,-3.48312412069143,3.11400038885455,3.02943104383554,-4.32997794261356,4.40409071641126,7.01883465659945,3.0848472152779
72.7,-2,6.98355386134449,-3.54013184728184,3.13998620242326,3.23213872758645,-3.96729433657464,4.02158997489427,6.93587060152536,3.16917717533336
72.72,-2,6.86286701581926,-4.98681010203554,3.24328593795801,4.7235559977013,-3.61358921844508,3.60039319793263,6.86010854847979,3.24542910414968
72.74,-2,6.78408145726307,-3.81774628324429,3.32892844233131,3.37650352557084,-3.31402699183811,3.18519973056059,6.7909070558076,3.31328559258727
72.76,-2,6.71015716448948,-2.60514687941331,3.37834607898084,1.27560147252814,-3.07841912404327,2.78800524451279,6.72707797309702,3.3729944789087
72.78,-2,6.67987558208654,-2.23711804595681,3.37995250123243,2.91302115560826,-2.90051828162588,2.40668795175528,6.6673864434494,3.42491069148045
72.8,-2,6.62067244265121,-2.8571555820192,3.49486692520517,3.24834947110912,-2.76928698680424,2.03552439582769,6.61072362707767,3.46934617853103
72.82,-2,6.56558935880577,-2.81300492203325,3.5098864800768,1.41825001565724,-2.67748106167083,1.67242139835131,6.55632763943549,3.50640398363744
72.84,-2,6.50815224576988,-2.89354471144594,3.55159692583146,1.58289624127048,-2.61638796482123,1.31473458942241,6.50345733376504,3.5362496953603
72.86,-2,6.44984757034793,-2.89740527174649,3.57320232972762,1.30613593929622,-2.57905544913319,0.961610925575102,6.45152632930576,3.55901423444139
72.88,-2,6.39225603490002,-2.33395516608639,3.60384236340331,0.698488049097645,-2.56154951626586,0.614744932888582,6.40015215044599,3.57476417547902
72.9,-2,6.35648936370448,-2.00361818524304,3.60114185169152,-0.477936887065478,-2.55974055826928,0.27579113986381,6.34897381431426,3.58364575941789
72.92,-2,6.3121113074903,-3.14653485873984,3.58472488792069,-0.456955570039386,-2.57016422696109,-0.0530836775039376,6.29769123827842,3.58585556205051
72.94,-2,6.23062796935488,-3.92127787094623,3.58286362888995,-0.209103679008904,-2.5908534896006,-0.368576772611508,6.24609628845265,3.58161517632792
72.96,-2,6.15526019265245,-2.31589391324623,3.57636074076034,-0.57293256985691,-2.62028010423878,-0.667199624162672,6.19400039032945,3.57122446647712
72.98,-2,6.13799221282503,-1.65147881524501,3.55994632609567,-1.4496560030428,-2.65741678515028,-0.945356272603203,6.1412368453149,3.55505962828699
73,-2,6.08920104004265,-2.58839254614167,3.51837450063862,-1.47411396131032,-2.70241368929196,-1.19879012743402,6.08768681482325,3.5335408339608
73.02,-2,6.03445651097937,-2.96180010236329,3.50098176764326,-1.32924791365043,-2.75469886869264,-1.4240507956816,6.03316433659087,3.50723188178183
73.04,-2,5.97072903594812,-2.64904820144862,3.46520458409261,-1.42271840900977,-2.81373997279322,-1.61816893894411,5.97748227853961,3.47676586142281
73.06,-2,5.92849458292142,-3.05245111595267,3.44407303128287,-2.01073330367975,-2.88003980219583,-1.77794087777411,5.92050980425112,3.44278546817416
73.08,-2,5.84863099131001,-2.63670530877471,3.38477525194542,-1.79371870435984,-2.9549581811262,-1.90006677569867,5.86215546724425,3.40595578678522
73.1,-2,5.82302637057043,-2.12637924324102,3.37232428310848,-1.64252483803216,-3.03660184646156,-1.98477652068392,5.80224014849877,3.36705180795104
73.12,-2,5.76357582158037,-3.39551081700724,3.31907425842413,-1.50263321580465,-3.1218650675661,-2.03425616429219,5.74067001674474,3.32679599183616
73.14,-2.00540679654713,5.68720593789014,-3.09449258231256,3.31221895447629,-2.00701572592549,-3.21241549894245,-2.04694632912081,5.67734229901079,3.28591906918039
73.16,-2.0379387923065,5.63979611828787,-3.52319786208903,3.23879362938711,-2.86076446644883,-3.31418119465515,-2.01797087570982,5.61210373818125,3.24518915057934
73.18,-2.12242737271225,5.54627802340658,-4.45862298158126,3.19778837581834,-1.83861340941475,-3.45593718654876,-1.92117627035406,5.54442009762915,3.20573188278612
73.2,-2.2568968754274,5.46145119902462,-3.67526095021933,3.16524909301052,-1.28564732320433,-3.65967848235133,-1.73826632991523,5.47336067084418,3.16900790097747
73.22,-2.38811780959404,5.39926758539781,-3.0161917243603,3.14636248289016,-1.20261216914788,-3.90581246899764,-1.49260676136232,5.39782133376252,3.13655752908464
73.24,-2.46662771803146,5.34080353005021,-4.67017664541511,3.11714460624461,-1.07653986532734,-4.14215154439555,-1.23984759080462,5.31725856973225,3.10928961451017
73.26,-2.49395929640527,5.21246051958121,-5.50830106633922,3.10330088827707,-1.18608734869001,-4.32636649476821,-1.02514216891731,5.23249013300053,3.08670227522864
73.28,-2.5,5.12047148739664,-4.62811048079015,3.06970111229701,-1.47632744350248,-4.45042471641903,-0.859060674577993,5.1446433557605,3.06792245070557
73.3,-2.5,5.0273361003496,-4.00406941984006,3.04424779053697,-0.706676364960501,-4.52956009554631,-0.728620946579263,5.05477874206591,3.05209642012296
73.32,-2.5,4.96030871060304,-4.60928006144612,3.04143405769859,-0.79164668686722,-4.58251050105866,-0.617023292434968,4.96362673471379,3.03866039723658
73.34,-2.5,4.84296489789175,-4.33131304278265,3.01258192306228,-0.204707891632949,-4.61971548651971,-0.515288212939396,4.87158072829382,3.02735220294279
73.36,-2.5,4.78705618889173,-3.70477533390408,3.03324574203327,-0.488534353301628,-4.64751222426434,-0.418328966303437,4.77889849817107,3.01801927308933
73.38,-2.5,4.69477388453559,-4.60988783488869,2.99304054893022,-1.17649952237668,-4.66892447877678,-0.324226382115325,4.68572367958,3.01059913239056
73.4,-2.5,4.60266067549618,-4.59849443400011,2.9861857611382,0.988586417686665,-4.6859614205898,-0.232015022522594,4.59216814674894,3.00504008242848
73.42,-2.5,4.51083410717559,-4.92129105790309,3.03258400563768,0.209534378574394,-4.69955425550522,-0.141746702080021,4.49830847218591,3.00130527440481
73.44,-2.5,4.40580903318006,-5.32022169682873,2.99456713628118,-1.29741351324928,-4.71010510127154,-0.0539532437022124,4.40420552054397,2.99935442136775
73.46,-2.5,4.29802523930244,-4.67236813478149,2.98068746510771,-0.14037558350477,-4.71792784819477,0.030792042919984,4.30992029772442,2.99912898633062
73.48,-2.5,4.2189143077888,-4.27359122413205,2.98895211294099,0.808234984856959,-4.72303322334685,0.111662917130333,4.21550597488966,3.00056079618086
73.5,-2.5,4.12708159033716,-4.54887834707993,3.01301686450199,0.0151612080798169,-4.72541417333038,0.187871726592622,4.12101734879562,3.00356414112604
73.52,-2.5,4.0369591739056,-4.92806023568638,2.98955856126418,-0.285015427418189,-4.72504432569032,0.258673862397548,4.02650857197568,3.00803881085523
73.54,-2.46836495920163,3.9299591809097,-5.11117501878882,3.00161624740526,0.883893176062334,-4.71433753958661,0.316207501994006,3.93205790470743,3.01384784385478
73.56,-2.19648966154799,3.83251217315405,-4.27690556861362,3.02491428830667,0.778858032035046,-4.60081619748422,0.273001721922328,3.83862082905322,3.020014324149
73.58,-1.52058101830197,3.75888295816516,-3.10576931290574,3.03277056868666,0.104092578900772,-4.17850343051479,-0.0620547835901742,3.75012900776422,3.02277732634973
73.6,-0.560246259799965,3.70828140063782,-3.18386387525286,3.0290779914627,-1.22983515427981,-3.26773040587087,-0.846665330155646,3.67479760993754,3.01447510149296
73.62,0.604942476752359,3.63152840315504,-2.60945301426957,2.98357716251547,-2.7339566920989,-1.93768135704102,-1.99179892645184,3.62237534948029,2.98635362484149
73.64,1.23302174425171,3.60390328006704,-0.245609933885904,2.91971972377875,-2.60133502067124,-0.666475576644573,-3.01815905431747,3.59682880581779,2.93566360830169
73.66,1.46329370282084,3.62170400579961,-0.0210285021463696,2.87952376168862,-3.35942041324769,0.195572238674772,-3.58462334571097,3.59289015992289,2.86878949581502
73.68,1.5,3.60306213998118,0.195043680678075,2.78534290724884,-4.07170892449575,0.639809759587621,-3.6903338135355,3.60182266589557,2.79539258440455
73.7,1.5,3.62950575302673,0.160401053031201,2.71665540470879,-2.44612076406426,0.826462146069364,-3.49790053205348,3.61677724259908,2.72315119264136
73.72,1.5,3.60947818210243,0.48473110141587,2.68749807668627,-3.30643150496043,0.900895387968551,-3.15177985724023,3.63416129969855,2.65647583381206
73.74,1.45674562762296,3.64889499708336,2.02894164804688,2.58439814451038,-3.53281874814422,0.928274914003425,-2.72043864661664,3.65251858179885,2.59763086773305
73.76,1.2380930006325,3.69063584802431,0.925462194725446,2.5461853267605,-1.98445939925196,0.905191484987845,-2.21192668134942,3.67102468299229,2.54811850230257
73.78,0.520581018301972,3.68591348487238,0.247219259876785,2.5050197685403,-0.831160975043865,0.707077822702254,-1.53942130512007,3.68745163731074,2.51033461328892
73.8,-0.555175003419176,3.70052461841938,0.4609892908081,2.51293888775874,-1.13351159801232,0.201707653695175,-0.617589488268292,3.69709214334007,2.48833391097621
73.82,-1.51550976192118,3.70435305650471,-1.07507617249463,2.4596793046198,0.566831186378447,-0.610188065308163,0.533719588179832,3.69352072957186,2.48712638102534
73.84,-2.23302174425171,3.65752157151959,-1.72294543181313,2.53561213521388,2.70943736539018,-1.62210885106175,1.81538121271746,3.67142255270712,2.51049738817567
73.86,-2.46329370282084,3.63543523923218,-2.07380670278633,2.56805679923541,2.24010109127762,-2.67194742182928,3.085178775275,3.62844173030734,2.55961802931834
73.88,-2.5,3.57456930340814,-3.09333558634284,2.62521617886499,3.60460126355019,-3.66802212203022,4.25263023251787,3.56489466181031,2.63322866490908
73.9,-2.5,3.51170181577847,-5.37064028498113,2.71224084977742,5.87609577826625,-4.54300731021259,5.2452948112199,3.48252304262291,2.72856271931209
73.92,-2.5,3.35974369200889,-5.6660584112884,2.86026000999564,5.7411708459487,-5.19950258084669,5.96743433525443,3.38458681213931,2.84127890937896
73.94,-2.5,3.28505947932693,-4.10992091770798,2.94188768361537,4.94211484994282,-5.48103426438818,6.27539170479563,3.27705783138198,2.96448469043773
73.96,-2.5,3.19534685530057,-5.22463953726749,3.05794460399335,6.37168372881822,-5.30933850512385,6.09787989033358,3.16865596994412,3.08879340457528
73.98,-2.5,3.07607389783623,-5.97409346062483,3.1967550327681,5.89109030462776,-4.82458218670433,5.57127588171513,3.06688216710921,3.20597605061569
74,-2.5,2.95638311687558,-4.70838436452238,3.29358821617846,5.45879563305259,-4.30057886067115,4.95196907811744,2.97568285731908,3.31124931025514
74.02,-2.5,2.88773852325534,-3.13142697339087,3.4151068580902,3.95428071430791,-3.86680480960228,4.362105051629,2.89418385553548,3.40431696974547
74.04,-2.5,2.83112603793995,-3.46903607421128,3.45175944475078,3.48281078740085,-3.54423448673353,3.82200366932838,2.82021627680472,3.48610547312858
74.06,-2.5,2.74897708028688,-4.05264911898117,3.55441928958623,3.87515223595235,-3.31839973950946,3.32047603185116,2.75172795153762,3.55748209910863
74.08,-2.5,2.6690200731807,-3.18351730978292,3.60676553418887,2.85133250937022,-3.1687005604206,2.84304830414925,2.68700167681094,3.61906452960586
74.1,-2.5,2.62163638789557,-2.53164501025234,3.66847258996104,3.54835526967584,-3.07561996119131,2.37816084976153,2.62462306883173,3.67127162024322
74.12,-2.5,2.56775427277061,-3.30129195659937,3.7486997449759,1.69149248450865,-3.02723188763032,1.92116598500124,2.56366770282572,3.71424929228658
74.14,-2.5,2.48958470963159,-3.47492161530509,3.73613228934139,0.391726226536293,-3.01248510801138,1.46923458868647,2.50332898536903,3.74814036498278
74.16,-2.5,2.4287574081584,-2.78156861928381,3.76436879403736,0.984424243573079,-3.02275176826175,1.02192339337763,2.44299766264057,3.77305267872197
74.18,-2.5,2.37832196486024,-2.49494625589296,3.77550925908431,1.04093492676103,-3.05185902527816,0.580754682467094,2.38227698047677,3.78906808097913
74.2,-2.5,2.32895955792268,-2.49148684816188,3.8060061911078,1.06947580995853,-3.09447028343014,0.147972254774179,2.32084612113829,3.79633064165
74.22,-2.5,2.27866249093376,-3.69703430669055,3.81828829148265,-1.34784811061874,-3.14609093137168,-0.273566227663517,2.25845523803358,3.79505220941077
74.24,-2.5,2.18107818565506,-3.78111791509645,3.75209226668305,-1.48514903315607,-3.20370223293083,-0.680201123254802,2.19496261998205,3.78549187955538
74.26,-2.5,2.12741777432991,-2.70804767125747,3.75888233015641,-0.611250448150458,-3.26553286864478,-1.06743646023329,2.13027919323941,3.76798108581802
74.28,-2.5,2.07275627880476,-3.02284884103927,3.72764224875703,-1.19554199548428,-3.33063545111309,-1.43054938494651,2.06432600615857,3.74295317033358
74.3,-2.5,2.00650382068834,-3.08365882234212,3.71106065033704,-1.67956180865342,-3.39889125429635,-1.76464402842331,1.99703475210979,3.71094400139949
74.32,-2.5,1.94940992591108,-2.87742702821314,3.66045977641089,-2.58229144425252,-3.47137579567155,-2.06440180671711,1.9283819461245,3.67255460958829
74.34,-2.48918640690574,1.89140673955981,-3.91644362025951,3.60776899256694,-2.5891766505265,-3.54839618664071,-2.32517810789911,1.85821033610835,3.62857786907225
74.36,-2.424122415387,1.7927521811007,-4.71985213871119,3.55689271038983,-1.77663541549251,-3.61216099194318,-2.55913802750189,1.78650280910313,3.57975821687086
74.38,-2.25514525457549,1.70261265401136,-3.97539207743166,3.53670357594724,-1.54291816027051,-3.61995912193078,-2.80309388440496,1.71400927657069,3.52622214083615
74.4,-1.98620624914521,1.63373649800343,-3.64313142043725,3.49517598397901,-2.74237175884959,-3.51267137399516,-3.11201329084154,1.64243236001359,3.46724731186572
74.42,-1.72376438081191,1.55688739719387,-2.92510365429876,3.42700870559325,-3.94613776661547,-3.28461659880198,-3.49342506859448,1.57438726730755,3.40118422334452
74.44,-1.56674456393707,1.51673235183148,-3.0115441231839,3.33733047331439,-4.12733524584465,-3.01098165060853,-3.87397402728797,1.51141530044522,3.32744285931984
74.46,-1.50917657429479,1.43642563226652,-2.99766132943892,3.26191529575947,-4.92170497860914,-2.81765343352211,-4.12644672461975,1.45331793196774,3.24716102067249
74.48,-1.5,1.39682589865392,-1.85724258243322,3.14046227417003,-4.0141827882864,-2.76029562140448,-4.18807365523257,1.39776648383994,3.16369394187541
74.5,-1.5,1.36213592896919,-3.2250563207274,3.10134798422801,-3.13644068019588,-2.81153311078836,-4.08262026299496,1.34214601375734,3.08078940759372
74.52,-1.5,1.26782364582483,-3.12120989052853,3.01500464696219,-4.06034190329374,-2.91523540475999,-3.86802482242981,1.28491973700427,3.00115032039033
74.54,-1.49209123980041,1.23728753334805,-2.28739531461827,2.93893430809626,-3.80774467504174,-3.02867689315207,-3.59171841191214,1.22551632092961,2.92643785964294
74.56,-1.424122415387,1.1763278332401,-3.40343148910077,2.86269485996052,-4.09195953258653,-3.10740727764696,-3.30168559606579,1.16407037781263,2.85750911776956
74.58,-1.25514525457549,1.10115027378402,-4.03695615618409,2.7752559267928,-2.67353814338837,-3.11539007474016,-3.03416537229417,1.10170136708804,2.79421071814242
74.6,-1.01506156494999,1.01484958699273,-2.74097370149169,2.75575333422499,-2.33650997882988,-3.02135488223466,-2.81612298549014,1.0402436671168,2.7357214876039
74.62,-0.72376438081191,0.991511325724348,-2.2587351514287,2.68179552763961,-2.61824987331516,-2.83800711376781,-2.63076973511752,0.981561497352256,2.6812564718557
74.64,-0.566744563937073,0.924500180935586,-3.81611511331721,2.65102333929238,-2.65107936138712,-2.63295761307193,-2.41813032762948,0.926777678534273,2.63074758396336
74.66,-0.509176574294791,0.83886672119166,-1.99011874136584,2.57575235318412,-2.86886188904342,-2.4739640063307,-2.12495616325358,0.875776868496004,2.58519411560325
74.68,-0.5,0.844895431280952,-1.4012160240024,2.53626886373065,-1.43908224467142,-2.3644394681672,-1.7577590736491,0.827464325752399,2.54626028766973
74.7,-0.5,0.782818080231564,-3.52903959929991,2.51818906339726,-0.345686081312602,-2.29462599844309,-1.33390780773402,0.780946966207866,2.51525358209162
74.72,-0.5,0.703733847308956,-1.21666374860626,2.52244142047814,-0.601694890555782,-2.24886027262241,-0.874752795707596,0.73551401108968,2.49314226047809
74.74,-0.5,0.734151530287314,-1.70868915283339,2.49412126777503,-1.31401437283265,-2.2206300353463,-0.39346546994318,0.690832403949799,2.48043965530362
74.76,-0.5,0.63538628119562,-3.20275651633966,2.46988084556484,0.141116078733972,-2.20668751878096,0.0998049300181849,0.646608575934736,2.47747167187782
74.78,-0.5,0.606041269633728,-1.32541312049369,2.49976591092439,0.976336883211548,-2.20606164685606,0.59711256827412,0.602520860859365,2.48442857221761
74.8,-0.5,0.582369756375873,-2.45814732968044,2.5089343208933,0.822047046503127,-2.2183360511714,1.09124032850818,0.558300328331834,2.5013165488259
74.82,-0.5,0.50771537644651,-2.89759155325474,2.53264779278452,1.67210172307545,-2.24203669305661,1.57410557931315,0.513705253175163,2.52799816932723
74.84,-0.5,0.466466094245683,-1.46459943892458,2.57581838981632,1.55734036718997,-2.27365506880651,2.0362403545741,0.468552265517476,2.56415149411001
74.86,-0.5,0.449131398889527,-1.88869785790364,2.59494140747212,2.69024294851569,-2.30719681094285,2.46650215807874,0.422749432772499,2.60924192203695
74.88,-0.5,0.390918179929538,-3.48712867660792,2.68342810775694,3.80765937169397,-2.33326650761848,2.85116828918699,0.376307357866637,2.66252395812497
74.9,-0.5,0.30964625182521,-3.08387387186711,2.74724778233987,1.99099083037767,-2.33608192466119,3.17083082812242,0.329541781523301,2.72288806571452
74.92,-0.5,0.267563225054854,-1.49573910179582,2.76306774097205,2.35531561771736,-2.29766981597754,3.40437539260091,0.283139050747611,2.78878222817979
74.94,-0.489186406905739,0.249816687753377,-1.94487635199055,2.84146040704857,3.65175542096567,-2.19907375805894,3.53020400396962,0.238073682445308,2.8583106694877
74.96,-0.424122415386998,0.189768170975232,-2.2680848090944,2.90913795781068,3.43285449660572,-2.00820357489375,3.51517631993331,0.195871206779523,2.92899248891219
74.98,-0.255145254575493,0.159093295389601,-1.41015655719327,2.9787745869128,4.42672505142743,-1.67056832312887,3.30683844820419,0.15884973936702,2.99751717659712
75,0.0137937508547938,0.133361908687501,-1.12978718433249,3.08620695986777,3.35508056660091,-1.17480386349819,2.89644488243586,0.130034910219013,3.05996487047837
75.02,0.27623561918809,0.113901808016302,-0.515433088218421,3.11297780957683,1.60180494096267,-0.578286414250475,2.34444901026709,0.1124467377105,3.1124961297143
75.04,0.422854601291801,0.112744585158764,0.243145985788487,3.15027915750628,1.8321221592254,-0.0148808006231411,1.78881399199868,0.106637018108626,3.15376238485268
75.06,0.490823425705209,0.123627647447841,0.742955998398364,3.18626269594585,0.993813216203965,0.419307837044847,1.33127902223515,0.110915392338268,3.1847750397018
75.08,0.5,0.142462825094698,-0.118723362810527,3.19003168615444,0.412460024965455,0.711270220669029,0.991538955730829,0.12243981248263,3.20781987090975
75.1,0.5,0.11887871293542,-0.318230531942584,3.20276109694447,0.450889846044611,0.89434068684061,0.742501160320987,0.138627571461188,3.22505341533283
75.12,0.5,0.129733603816995,1.52962215894807,3.20806727999622,1.65580843089435,1.01030778637329,0.547588473379084,0.157768230736897,3.23787876743005
75.14,0.5,0.180063599293343,1.46091704386846,3.26899343418024,1.03087963418993,1.08585369154765,0.384108502308559,0.178779593243016,3.24715799838897
75.16,0.5,0.188170285571733,0.731902756747797,3.24930246536382,0.264317035919714,1.1351965695655,0.24088403482224,0.201029727297614,3.25337626743374
75.18,0.5,0.209339709563255,1.86368853464012,3.27956611561703,0.50828030767065,1.16730908139587,0.111546345813484,0.224076087265083,3.25688269974043
75.2,0.5,0.262717826957338,1.46586322158328,3.26963367767065,0.334248568510975,1.18679352788339,-0.00630234431597881,0.247637925714687,3.25791471946091
75.22,0.5,0.267974238426586,1.13557344337344,3.29293605835747,-0.0845966526827224,1.19686819659215,-0.113885016542275,0.271487585520972,3.25669673700698
75.24,0.5,0.308140764692276,1.3746973696163,3.26624981156334,-1.16296616719519,1.19915734568503,-0.211072079108652,0.295460657797523,3.25342874334663
75.26,0.5,0.322962133211238,0.73916740254814,3.24641741166966,-0.760851835858767,1.19494362293393,-0.29757083616766,0.31941109106542,3.24832449524021
75.28,0.5,0.337707460794201,1.78760438416731,3.23581573812899,0.252552007500195,1.18498747325979,-0.372764921030206,0.343219285999555,3.24160198839684
75.3,0.5,0.39446630857793,1.45514458321506,3.25651949196967,0.361302899732407,1.16998391361416,-0.436162378825332,0.366777649784128,3.23349206036608
75.32,0.5,0.395913244122804,0.162454994409732,3.25026785411828,-1.11800738588093,1.15066400792713,-0.487503857330358,0.3899887653808,3.22423572843367
75.34,0.5,0.40096450835432,0.40652897527496,3.21179919653443,-1.03230882072392,1.12753412288729,-0.526506343554508,0.412775271873094,3.21407617035798
75.36,0.5,0.412174403133802,1.52273386039421,3.20897550128933,-0.0544640984232125,1.10123567359795,-0.553221513671378,0.435069697484526,3.20325777464915
75.38,0.5,0.461873862770088,2.57672771371351,3.2096206325975,-0.483681364457367,1.07263781931529,-0.568128414705668,0.456811915073669,3.19202457891572
75.4,0.5,0.515243511682342,1.12770704167159,3.18962824671103,-1.34775523350912,1.04260302664806,-0.571888396859601,0.477956613910033,3.18061101523836
75.42,0.5,0.506982144436952,-0.191321356621549,3.15571042325714,-0.825692010113355,1.01150455193805,-0.564895848679419,0.498491146992684,3.16923127864787
75.44,0.5,0.50759065741748,0.751251498335223,3.1566005663065,-0.581800218083306,0.979900700734714,-0.54788564279884,0.518408995744999,3.15808665079092
75.46,0.5,0.537032204370361,1.51113146542162,3.13243841453381,-0.677992435028951,0.948652374898905,-0.52203552180976,0.537704998255228,3.14736631539907
75.48,0.5,0.568035916034345,0.487531395590041,3.12948086890534,0.889684919656375,0.918799295406928,-0.488842680370557,0.556379151479597,3.13724383658083
75.5,0.5,0.556533460193962,0.331874316083705,3.16802581132006,0.24111007916009,0.890589216312995,-0.449173451951375,0.574467291116915,3.12785306876921
75.52,0.5,0.581310888677693,1.42303176596135,3.13912527207174,-1.56794359871385,0.864317447219314,-0.40406522151997,0.592011811080873,3.11931251847348
75.54,0.5,0.613454730832417,1.00781925061851,3.10530806737151,-0.57607902368817,0.840346430099463,-0.354679974950964,0.60905627082014,3.11171937663851
75.56,0.5,0.621623658702434,1.36865499565101,3.11608211112422,-0.341680272172484,0.819021616981497,-0.302216532589636,0.625647716916139,3.10514665661276
75.58,0.5,0.668200930658457,0.598292780877979,3.09164085648461,-0.57953760899252,0.800575799239477,-0.247811706934599,0.641839391812594,3.0996427921996
75.6,0.5,0.645555369937553,-0.360389041399589,3.09290060676452,0.145749920309113,0.785081175581639,-0.192496162692298,0.657692031164361,3.09523670160792
75.62,0.5,0.653785369002473,1.0877876378404,3.09747085329697,0.10666736139866,0.772660259224628,-0.137359810188271,0.673264682290772,3.09193889108712
75.64,0.5,0.689066875451169,0.710276938890661,3.09716730122046,-0.324272980591178,0.763308228425222,-0.0833375138767116,0.688618130230667,3.08973707594569
75.66,0.5,0.6821964465581,0.85401015097048,3.08449993407333,0.141524085105704,0.756898633279601,-0.0312145737265101,0.703814706316957,3.08859669106238
75.68,0.5,0.723227281489988,1.31642442235377,3.10282826462469,0.545823007657842,0.753368445225829,0.0181878713056138,0.71891262515924,3.08847162201975
75.7,0.5,0.734853423452251,0.739720162251936,3.10633285437964,-0.534997318004404,0.752613038545696,0.0641427235031478,0.733967954931219,3.08930119303068
75.72,0.5,0.752816087980066,0.648939137170204,3.08142837190451,-0.496662159030825,0.754463097917911,0.106053840956934,0.749034533089432,3.09101033810226
75.74,0.478372813811479,0.760810988939059,0.142397960313526,3.08646636801841,-0.0245626178170366,0.75501867138261,0.146981790630366,0.764154926450095,3.0935204197575
75.76,0.369046500316249,0.758512006392607,0.472817505765435,3.08044586719183,0.49607407756006,0.70177055232697,0.236394396088234,0.778876863568161,3.09721287117106
75.78,0.0102905091509863,0.779723689169676,0.239403110758557,3.10630933112081,0.550608110522854,0.496617657688694,0.466038775529651,0.791211281931097,3.1039135503426
75.8,-0.527587501709588,0.768088130822949,1.14246379619086,3.10247019161275,0.807281545797112,0.0465240745621004,0.919476245197204,0.797106932502698,3.11734908504984
75.82,-1.00775488096059,0.825422241017311,0.180896977297668,3.13860059295269,1.56395152337404,-0.607847305930461,1.54763663850559,0.791696192327013,3.14187149450454
75.84,-1.36651087212585,0.775324009914856,-1.50694926017256,3.16502825254771,1.93261081892605,-1.26460227023805,2.14502178782022,0.772776830719091,3.17904886582678
75.86,-1.48164685141042,0.765144270610408,-2.13606373151708,3.21590502570974,2.96550066720489,-1.71052169640113,2.49899899522139,0.742600291318612,3.22596873358453
75.88,-1.5,0.689881460654172,-2.3735488723871,3.2836482792359,3.3228056015345,-1.92338315913035,2.5866512066497,0.705908954421535,3.27723329930842
75.9,-1.5,0.670202315714924,-1.52281545536075,3.34881724977112,1.96249468926336,-1.97213556555872,2.47639427730688,0.666783033712805,3.32809396029806
75.92,-1.5,0.628968842439742,-1.53204367132974,3.36214806680644,1.45537215580167,-1.94419819656599,2.25570447306315,0.627526424093529,3.37556104053552
75.94,-1.5,0.608920568861735,-1.64427097067868,3.40703213600318,2.30394513404528,-1.89041595468956,1.97711227160337,0.589168202396107,3.4179532486745
75.96,-1.5,0.563198003612595,-1.87971033361398,3.45430587216825,1.89005507019956,-1.83442784559756,1.66778833966038,0.551921517635143,3.45444344981175
75.98,-1.5,0.533732155517176,-2.56848022329764,3.48263433881116,1.59231224079349,-1.78724560075843,1.34297905267572,0.515728236602027,3.4845654781408
76,-1.5,0.46045879468069,-1.94217532649643,3.51799836179999,1.32639698834472,-1.7521572923639,1.01098825239165,0.480353549968802,3.50811322175949
76.02,-1.5,0.456045142457318,-1.03512081535684,3.53569021834495,0.924363265624617,-1.72978063393008,0.67763055094729,0.445552370278078,3.52499961774973
76.04,-1.5,0.419053962066416,-1.69085091791195,3.55497289242497,0.737536606101608,-1.71923992775665,0.347333507783049,0.411083924629012,3.53524056807534
76.06,-1.5,0.38841110574084,-2.17004856999006,3.56519168258902,0.170684357196327,-1.71918895014209,0.0241838200057762,0.376717597311135,3.53894036461315
76.08,-1.5,0.332252019266814,-2.52942499751829,3.56180026671283,-0.826794264722019,-1.72852434741534,-0.287722828704096,0.342252230073387,3.53628299658272
76.1,-1.5,0.287234105840109,-1.5348705511627,3.53211991200014,-1.06757637978333,-1.74655333566413,-0.584189088943005,0.307521129449988,3.52752813677138
76.12,-1.5,0.270857197220306,-1.21860483465511,3.51909721152149,-0.986622349943944,-1.77373744977052,-0.860232202068383,0.272400209303439,3.51298906702723
76.14,-1.5,0.238489912453904,-1.71620740786463,3.49265501800238,-0.954289687829168,-1.80886447144554,-1.11230968428557,0.236644716480612,3.49317480999204
76.16,-1.5,0.202208900905721,-2.02411239693951,3.48092562400833,-1.03451396743558,-1.85155571300981,-1.33663968968658,0.200038075212431,3.4686512034284
76.18,-1.5,0.157525416576324,-1.46112035294338,3.45127445930496,-0.827522714757423,-1.90298599789307,-1.52866576511463,0.162429552844991,3.44000475987082
76.2,-1.5,0.143764086787985,-1.64049467062719,3.44782471541803,-1.8846418105013,-1.96573864282064,-1.68317905753458,0.123727647525048,3.40784662339755
76.22,-1.5,0.0919056297512362,-2.26777319593912,3.3758887868849,-2.6827839699343,-2.03947011541047,-1.7980405043948,0.0837116170713209,3.37294356869816
76.24,-1.5,0.0530531589504204,-2.75320224477792,3.34051335662066,-1.57352862794877,-2.12178237631487,-1.8736997043948,0.0421204251284087,3.33615342291918
76.26,-1.5,-0.0182224600398805,-2.60284987933446,3.31294764176695,-1.90070279171458,-2.21066882018992,-1.9111876682007,-0.00121003705580019,3.29826148989816
76.28,-1.5,-0.0510608362229582,-2.42650608822044,3.26448524495208,-1.89608452304972,-2.30405835585374,-1.91249498707699,-0.0463670028940767,3.25998295833858
76.3,-1.5,-0.115282703568698,-2.75897217539775,3.23710426084496,-2.1254745338907,-2.39885019230391,-1.88131245885937,-0.0934051953763518,3.22199525165102
76.32,-1.5,-0.161419723238868,-1.62719933853915,3.17946626359645,-2.21563595067492,-2.49174799194693,-1.82209036618526,-0.142323035765931,3.18491782290218
76.34,-1.5,-0.180370677110264,-2.86666931145307,3.14847882281797,-1.16613305214781,-2.58052897913491,-1.73870961317133,-0.193050827266635,3.14927242248983
76.36,-1.5,-0.276086495696991,-3.65948802093186,3.13282094151053,-1.26698571154384,-2.66336014730758,-1.63498545672568,-0.245492462061367,3.11550455049548
76.38,-1.5,-0.326750197947539,-2.55745720239834,3.09779939435621,-1.76781082072913,-2.73890440843697,-1.51455562728457,-0.299522730323188,3.08398154957063
76.4,-1.5,-0.378384783792924,-1.99101560429269,3.06210850868137,-1.92970195117298,-2.80725982857664,-1.3797535495091,-0.354980988360151,3.0550006673668
76.42,-1.5,-0.406390822119246,-2.24401161912906,3.02061131630929,-0.913017918346548,-2.86790098918196,-1.23355659738464,-0.411747320527426,3.02885276570276
76.44,-1.5,-0.468145248558087,-3.75191343506864,3.02558779194751,-1.56149152820041,-2.92149206420379,-1.0778640341244,-0.469667541190522,3.0057398186255
76.46,-1.5,-0.556467359521992,-3.34530685825036,2.95815165518128,-1.05053881815096,-2.96920880672365,-0.914103146435027,-0.528580539058879,2.98580453489895
76.48,-1.5,-0.601957522888101,-2.47665391462842,2.98356623922147,-0.101363460774773,-3.01077867742701,-0.745099518760345,-0.588388211749371,2.9692032284499
76.5,-1.5,-0.655533516107129,-2.86803725132879,2.95409711675029,-1.29224764143843,-3.04649794473162,-0.57311471818203,-0.648975570823264,2.95602364220578
76.52,-1.5,-0.716679012941253,-2.51202606951158,2.93187633356393,-0.136185400620858,-3.0761956674557,-0.400791201273977,-0.710214074905167,2.94628763731824
76.54,-1.47627371940122,-0.756014558887592,-3.21203413767318,2.94864970072545,0.519951538001684,-3.09940970294869,-0.231030493824069,-0.772016546351439,2.9400092317526
76.56,-1.27236724616099,-0.84516037844818,-3.34396283871254,2.952674395084,-0.495140776389069,-3.04266500587003,-0.134391442468399,-0.833658095737222,2.9365589397488
76.58,-0.765435763726479,-0.889773072436094,-1.86465263078235,2.92884406966989,-0.398201163537193,-2.76002362230961,-0.245235608540878,-0.892147644261554,2.93318363448779
76.6,-0.0451846948499734,-0.919746483679474,-3.0299515967047,2.93674634854251,-0.522992747257989,-2.12774316402159,-0.670328921828699,-0.941680225204981,2.92460766904289
76.62,0.828706857564269,-1.01097113630428,-1.63316666983366,2.90792435977957,-2.31504487220667,-1.18947809646161,-1.3530768122748,-0.975141267894357,2.90458190675496
76.64,1.29976630818878,-0.98507315047282,0.622499182180064,2.84414455365424,-1.89359565418138,-0.260645051282812,-1.98439636918898,-0.989358042950094,2.87086329407405
76.66,1.47247027711563,-0.986071169017079,-0.139732366865583,2.83218053361232,-1.876736812115,0.41602511846006,-2.33456826856781,-0.987314126593505,2.82714296211657
76.68,1.5,-0.990662445147444,0.886103589561671,2.76907508116964,-2.77884728438778,0.813813335653171,-2.38393388124641,-0.974614493833814,2.77952067217959
76.7,1.5,-0.950627025434612,1.40264225659361,2.7210266422368,-2.12237022131868,1.02173241951775,-2.22229238015235,-0.956020659193858,2.73318588455838
76.72,1.5,-0.934556754883699,1.04528879703184,2.6841802723169,-1.14472303326278,1.13273094380251,-1.94119854016037,-0.934371477820411,2.69140824753483
76.74,1.5,-0.908815473553339,1.91542304909339,2.67523772090629,-0.752604718369809,1.19826527913625,-1.59356073594356,-0.911009156632255,2.65597655703171
76.76,1.5,-0.857939832919964,0.832610077988582,2.65407608358211,-2.32381790613386,1.24423194184617,-1.20869126623035,-0.886570331621039,2.62791233570385
76.78,1.5,-0.875511070433795,0.793842502324107,2.58228500466094,-1.34264263658229,1.28261510910988,-0.803540695439648,-0.861288732402627,2.60776257314881
76.8,1.5,-0.826186132826999,1.29401876864135,2.60037037811881,0.110814893186617,1.31903351810182,-0.389248569863526,-0.835276744654139,2.59582983022154
76.82,1.5,-0.823750319688141,1.21589947908533,2.5867176003884,-0.352095675640274,1.3552997522124,0.0262346195088143,-0.808536022817274,2.59220448507944
76.84,1.5,-0.777550153663586,2.14211043955825,2.5862865510932,0.679279933622734,1.39206447580179,0.436094785725619,-0.781056340740093,2.59683868810154
76.86,1.5,-0.738065902105812,0.829997997373771,2.61388879773331,1.3341590964465,1.43001678732855,0.833772159128102,-0.752856023215346,2.60957648263644
76.88,1.5,-0.744350233768635,1.77711384050623,2.63965291495106,1.30147573047228,1.4698277983157,1.21272341982752,-0.723899433707875,2.63010532709385
76.9,1.5,-0.666981348485562,1.7664481304963,2.6659478269522,1.53841994843091,1.51197707985709,1.56665972321935,-0.694088795858503,2.65794747267369
76.92,1.5,-0.673692308548783,0.419665292428312,2.7011897128883,2.06531110472569,1.55833041509389,1.8885114841844,-0.663354245336873,2.69252989949002
76.94,1.47296601726435,-0.65019473678843,1.62547444419482,2.74856027114123,1.77174778286422,1.60937818597933,2.17288710739665,-0.631664828304275,2.73319643519849
76.96,1.31030603846749,-0.608673330780991,1.99775093733243,2.77205962420287,2.75328855016179,1.62339362135233,2.45235673973137,-0.599204778083418,2.77939617595676
76.98,0.887863136438733,-0.570284699295133,1.04194370729724,2.8586918131477,2.6851635184335,1.48917566160792,2.82510470384534,-0.567673919735248,2.83187173453503
77,0.215515622863015,-0.566995582489101,1.2022112527964,2.87946616494021,2.81692221883144,1.03680631574807,3.44671497315058,-0.541835086639791,2.8941301980981
77.02,-0.440589047970224,-0.522196249183277,1.56441202350553,2.97136870190096,5.24981601268243,0.30312636708458,4.27890855768358,-0.528079628505187,2.97115103215641
77.04,-0.807136503229502,-0.50441910154888,-1.31900753012388,3.0894588054475,5.08798095424061,-0.481749375268851,5.08888999694384,-0.530102738800507,3.06519043253334
77.06,-0.977058564263023,-0.574956550388232,-2.15822266863367,3.17488794007058,5.10761891953023,-0.956949602709283,5.51254079446003,-0.545151125604073,3.17199954563031
77.08,-1,-0.590748008294227,-0.460114903928951,3.29376356222871,5.79483783889316,-1.03382820242219,5.45786342028252,-0.565630320961892,3.28240835898651
77.1,-1,-0.59336114654539,-0.917411882933658,3.40668145362631,4.57402335979914,-0.877712033834276,5.09199071270346,-0.584945798135009,3.38823503710048
77.12,-1,-0.627444483611573,-1.50509355555231,3.47672449662068,4.48328108237953,-0.673174057654281,4.60326521979555,-0.600448262143055,3.48530030788736
77.14,-1,-0.653564888767482,-0.260743724946014,3.58601269692149,3.86006951620571,-0.498090610241783,4.07537328117539,-0.612086497393845,3.5721208855654
77.16,-1,-0.637874232609413,0.471161940516182,3.63112727726891,3.56549105457291,-0.37111875372773,3.53436853124335,-0.620701064842903,3.64823510418035
77.18,-1,-0.634718411146835,0.44593523269037,3.72863233910441,3.36521978373893,-0.289796271612296,2.98613371800905,-0.627241517935645,3.71345186114778
77.2,-1,-0.620036823301799,-0.122933596075675,3.76573606861847,1.39076868141728,-0.246225189050745,2.43175578115561,-0.632542182991293,3.76763767584117
77.22,-1,-0.639635754989862,-0.639079049394881,3.7842630863611,2.43195224248646,-0.231281741582183,1.87153301544655,-0.637280857510618,3.81068272491697
77.24,-1,-0.645599985277594,-0.103358016579913,3.86301415831792,1.02622927553845,-0.236860488082717,1.30684170614425,-0.641931766885152,3.84247022181678
77.26,-1,-0.643770075653059,0.019994994058567,3.82531225738264,0.0904311291983761,-0.255359324860964,0.739689667705891,-0.646837047119582,3.86293673323211
77.28,-1,-0.644800185515251,-0.839957233362074,3.86663140348586,1.50684564026421,-0.280118702159762,0.172891495357614,-0.652187706509302,3.87206068462746
77.3,-1,-0.677368364987542,-0.263091178957431,3.88558608299321,-0.640705622826054,-0.305571780240465,-0.389954399253976,-0.658045938170431,3.8698786366016
77.32,-1,-0.655323832673548,0.476134381098614,3.84100317857282,-1.61054150167067,-0.327230836395386,-0.944640922934115,-0.664384513368054,3.85651620736261
77.34,-1,-0.658322989743597,0.103612212459908,3.82116442292638,-1.4352732250383,-0.342113285711423,-1.48603987870683,-0.671092967242858,3.83218585991612
77.36,-1,-0.651179344175152,-0.255877090252654,3.78359224957128,-2.08732259330314,-0.349396747978591,-2.00746218370153,-0.678015279208365,3.79720700784636
77.38,-1,-0.668558073353703,-0.916534726874091,3.73767151919425,-1.77760166052324,-0.35108876041396,-2.50007819972598,-0.685026781724868,3.75207358530304
77.4,-1,-0.687840733250116,-0.930062103394788,3.71248818315035,-3.0870771086517,-0.352614376024699,-2.95234324929412,-0.692044936706394,3.69745918265906
77.42,-1,-0.705760557489495,-0.201938379078387,3.61418843484819,-3.60107587026358,-0.364641299768195,-3.34774808001054,-0.699166424585898,3.63432731378116
77.44,-1,-0.695918268413251,0.194876929044993,3.56844514833981,-3.10354101569128,-0.401981012790216,-3.66578864242057,-0.70678675267564,3.5640536570313
77.46,-1,-0.697965480327695,-1.36832075433272,3.49004679422053,-3.83941013111746,-0.483529601981042,-3.88226747300281,-0.715573490265076,3.48840247296985
77.48,-1,-0.75065109858656,-0.887277673633874,3.41486874309511,-4.28979405542472,-0.626475818267271,-3.97501350803137,-0.726544924919894,3.40958739696391
77.5,-1,-0.73345658727305,-0.349260369635257,3.31845503200355,-3.66155056518791,-0.831892330535546,-3.93889496344573,-0.741047970561804,3.33025818430586
77.52,-1,-0.76462151337197,-1.70267488726014,3.2684067204876,-2.9928854441725,-1.08232708877202,-3.79042701053532,-0.7601459766889,3.25281231648507
77.54,-1.0039543800998,-0.801563582763456,-1.02166718067255,3.19873961423665,-3.09690382660736,-1.34582994399774,-3.56407659747797,-0.784445628972904,3.17917965525457
77.56,-1.0379387923065,-0.805488200598872,-1.68775902633359,3.1445305674233,-3.92191753562325,-1.60709870226553,-3.2811910105931,-0.813966206532404,3.11062812459436
77.58,-1.12242737271225,-0.869073943816799,-2.11214410099938,3.04186291281172,-3.60349502060116,-1.86976060516721,-2.94621703397122,-0.848722445520249,3.04826419729476
77.6,-1.242469217525,-0.889973964638847,-1.48698100706109,3.00039076659926,-1.79947790971379,-2.15025963752297,-2.55255662863179,-0.888887948173922,2.99318240155216
77.62,-1.38811780959404,-0.928553184099243,-2.10766565507031,2.96988379642316,-1.27607202687515,-2.44208517202095,-2.11638502954544,-0.934810797588771,2.94644839968997
77.64,-1.46662771803146,-0.97428059084166,-2.52399338110196,2.94934788552425,-2.48264552337978,-2.70385104431532,-1.68609633149704,-0.986358822476113,2.9084752569055
77.66,-1.4954117128526,-1.02951291934332,-3.66218887671024,2.87057797548797,-1.92644095963324,-2.90521257074862,-1.29689450363741,-1.04254485249613,2.87871327920871
77.68,-1.5,-1.12076814591007,-3.26476590540775,2.87229024713892,-0.76630004223982,-3.04716852936217,-0.952195395726125,-1.10214131576867,2.85627499799056
77.7,-1.5,-1.16010355555963,-1.94502025542009,2.83992597379838,-1.00516345465707,-3.1451061886135,-0.641101546633716,-1.16412551490965,2.84038978491981
77.72,-1.5,-1.19856895612687,-3.59972558941973,2.83208370895264,-0.506060539214193,-3.21524948006169,-0.351886897432427,-1.22777564167727,2.83049953627512
77.74,-1.5,-1.30409257913642,-3.44340473730333,2.81968355222981,0.0794703942718078,-3.26748166487655,-0.0787139057075696,-1.29262539675792,2.82621608108879
77.76,-1.5,-1.33630514561901,-2.6456787293288,2.83526252472351,0.286624391767643,-3.30631264303061,0.179345199475098,-1.35838727086656,2.82725176929614
77.78,-1.5,-1.40991972830957,-4.22527065080424,2.83114852790052,-0.412278227384255,-3.33446163444508,0.421717862149217,-1.424811332151,2.83328980741939
77.8,-1.5,-1.50531597165118,-3.03256868019807,2.81877139562814,1.05997231479599,-3.35257964481515,0.646096249131084,-1.49169883027863,2.8440004444744
77.82,-1.5,-1.5312224755175,-2.96850567993386,2.87354742049236,0.8815051163098,-3.36043535237204,0.849613905202343,-1.55885037869088,2.85899895571677
77.84,-1.5,-1.62405619884853,-4.40437792221526,2.85403160028053,0.249960382756842,-3.35691736120509,1.02886502636845,-1.62606816879365,2.87785305673429
77.86,-1.5,-1.70739759240611,-2.66958699331494,2.88354583580263,1.83476436715411,-3.34165788346021,1.18139859165697,-1.69308569649758,2.90001329208239
77.88,-1.5,-1.73083967858113,-3.79911972139316,2.9274221749667,1.66579271908509,-3.31410706745194,1.3049323184447,-1.75964648063101,2.92490738431559
77.9,-1.5,-1.85936238126183,-4.24403566149135,2.95017754456603,1.36027383448629,-3.27326158383187,1.39711165800135,-1.82552146628695,2.95196016636961
77.92,-1.5,-1.90060110504078,-2.89355962571649,2.98183312834615,1.09678242037223,-3.21994446052802,1.45761866805827,-1.89043569602452,2.9805298369983
77.94,-1.5,-1.97510476629049,-3.89357114027143,2.99404884138092,2.33080534621798,-3.15529885774509,1.48679473118798,-1.95415816620676,3.00998494055304
77.96,-1.5,-2.05634395065164,-2.28835768380802,3.07506534219487,1.21256554242654,-3.08020329613236,1.48510636348802,-2.01653973845168,3.03976100564813
77.98,-1.5,-2.06663907364281,-2.86991724656982,3.04255146307799,1.19853898183924,-2.99861605207666,1.45623498319357,-2.07739625904615,3.06926807426886
78,-1.5,-2.17114064051443,-2.9914800343677,3.12300690146844,2.21339203348414,-2.9164129713547,1.40598862512921,-2.1365470115291,3.09792553952502
78.02,-1.5,-2.18629827501752,-2.20596054983325,3.13108714441735,0.127419027605091,-2.83473236748352,1.33611252941915,-2.19403595541946,3.12536042808064
78.04,-1.5,-2.25937906250776,-3.1315051912466,3.12810366257264,1.10759464860106,-2.75504145177882,1.24896780664182,-2.24993693082197,3.15124384566797
78.06,-1.5,-2.31155848266738,-3.37943225614409,3.17539093036139,1.77941420351305,-2.6801415650585,1.14836948576835,-2.30429946105542,3.17525398209351
78.08,-1.5,-2.39455635275353,-2.02929303605707,3.19928023071316,0.549596872055103,-2.61227340654663,1.03783757897618,-2.3572132670056,3.19713380822589
78.1,-1.5,-2.39273020410967,-1.26712258138345,3.1973748052436,1.29334812137284,-2.55166619534739,0.919236408814982,-2.4088423382461,3.21671880826846
78.12,-1.5,-2.44524125600886,-2.57762492721715,3.25101415556808,1.699606433303,-2.49857788800741,0.794578853485961,-2.45933106645164,3.23386322204744
78.14,-1.49459320345287,-2.49583520119835,-3.08785406376911,3.26535906257572,0.233410218641605,-2.45238806933979,0.665168061317656,-2.50882552140429,3.24846307512779
78.16,-1.4620612076935,-2.56875541855963,-2.58070337730942,3.26035056431374,0.00647991259771219,-2.40149512081757,0.521918138752938,-2.55736387491183,3.26034872004481
78.18,-1.37757262728775,-2.59906333629073,-1.38888311026838,3.26561825907963,-0.317635777638314,-2.31875789222935,0.341348727619603,-2.60465403743971,3.26907330329852
78.2,-1.2431031245726,-2.62431074297036,-1.88446071599375,3.24764513320821,0.351461240832662,-2.18326589313043,0.106365161511301,-2.64979378864613,3.27366801263975
78.22,-1.11188219040596,-2.67444176493048,-1.98277942017709,3.27967670871293,0.0583244564376306,-2.00381788055182,-0.170905099241507,-2.69169842400475,3.27305183708023
78.24,-1.03337228196854,-2.70362191977745,-2.07884597994946,3.24997811146571,-0.519071718793507,-1.83140930504991,-0.437440637846485,-2.72999771624313,3.26690741198556
78.26,-1.00604070359473,-2.75759560412846,-3.50933110132501,3.25891383996119,-0.0469790081056187,-1.70330110282351,-0.653366485205164,-2.76525260238613,3.25589406100566
78.28,-1,-2.84399516383045,-1.9639659166811,3.24809895114149,-1.54286801914053,-1.63518726652116,-0.800214188997385,-2.79854807251247,3.24125066271558
78.3,-1,-2.8361542407957,-0.255752475890947,3.19719911919557,0.0760812365983465,-1.61445330339062,-0.887672693343645,-2.83098141458573,3.2242867263642
78.32,-1,-2.85422526286608,-1.35446344552124,3.25114220060542,-0.0489985170802565,-1.62299817670229,-0.931750363884006,-2.86333092217398,3.2060417559925
78.34,-1,-2.89033277861655,-1.97408976405674,3.19523917851236,-1.53704065361869,-1.6498679825903,-0.942465157878,-2.89602207747372,3.18723796071899
78.36,-1,-2.93318885342835,-1.83636908928207,3.18966057446067,-1.91629529225833,-1.68593763333732,-0.928598780612403,-2.92937355903029,3.16849474766986
78.38,-1,-2.96378754218783,-1.85819936243786,3.11858736682203,-0.655837438295614,-1.72708919170395,-0.894630902099398,-2.96349461034152,3.15022911484608
78.4,-1,-3.00751682792587,-1.45312894172483,3.16342707692885,-0.179197354980087,-1.76954598720519,-0.844986573935236,-2.99846302230276,3.13281135095543
78.42,-1,-3.02191269985683,-1.47950485530564,3.11141947262282,-1.41100155282441,-1.81138763555133,-0.782572224912925,-3.03427632294298,3.1165181238339
78.44,-1,-3.06669702213809,-1.70182157682722,3.10698701481587,-1.10895765895942,-1.85130118298257,-0.709877030903985,-3.07090277384359,3.10157462883383
78.46,-1,-3.08998556292992,-1.66774892187436,3.06706116626445,-0.83258660085983,-1.88806854287675,-0.629407180942167,-3.10830331992621,3.08817076488376
78.48,-1,-3.13340697901307,-2.68726589795855,3.07368355078148,0.10691702728125,-1.92132586858462,-0.542968938502578,-3.14640427972221,3.07643889155364
78.5,-1,-3.19747619884826,-1.90957378263999,3.0713378473557,-0.117775532208653,-1.95073811117473,-0.4523853481541,-3.18513007470165,3.06647937364911
78.52,-1,-3.20978993031867,-2.20479292163707,3.06897252949313,-0.175369027066508,-1.97549304000852,-0.359946485658539,-3.22440197961456,3.05835641698364
78.54,-0.98813685970061,-3.28566791571374,-2.17415448318522,3.06432308627304,-0.283568588930583,-1.99636783251845,-0.266442013458478,-3.26414326466143,3.05210755889847
78.56,-0.886183623080497,-3.29675610964608,-1.72246953914235,3.05762978593591,-0.245146437527766,-1.97065735667526,-0.213943470280641,-3.30393598321256,3.04741528778181
78.58,-0.63271788186324,-3.35456669727944,-1.77373709384173,3.05451722877193,-0.684465580637361,-1.82335354943863,-0.273743166038707,-3.34214359996489,3.04278575602695
78.6,-0.272592347424987,-3.36770559339975,-0.84564983654335,3.03025116271042,-0.913692128935384,-1.49585688862013,-0.498414032774721,-3.3756596522653,3.03535694166444
78.62,0.164353428782134,-3.38839269074117,-0.353767643150138,3.01796954361451,-0.570374079570635,-1.0003713091909,-0.869633913547918,-3.40077383946323,3.02179162898267
78.64,0.399883154094391,-3.38185629912575,-0.970549839357981,3.00743619952759,-0.957831769140627,-0.510620829845742,-1.21408505088098,-3.41573241047529,3.00076924250825
78.66,0.486235138557814,-3.42721468431549,-1.54360600400875,2.97965627284889,-1.44172898257569,-0.158059405415882,-1.4023301624255,-3.42215042489688,2.9743055096999
78.68,0.5,-3.4436005392861,0.0337882290277758,2.94976704022456,-1.46384211923314,0.0378243740445651,-1.41572800551951,-3.42311373840724,2.94585641233761
78.7,0.5,-3.42586315515438,0.517273192469814,2.92110258807956,-0.998109437779349,0.123018978157965,-1.30048670407777,-3.42137135539098,2.91853059757931
78.72,0.5,-3.42290961158731,0.202365348444611,2.90984266271339,-1.18776379062875,0.150457784642981,-1.11031209330287,-3.4185724864975,2.89433136915995
78.74,0.472966017264348,-3.41776854121659,0.148485174406932,2.87359203645441,-1.85571535452081,0.14590157154455,-0.873648809631422,-3.41554908220108,2.87441212322682
78.76,0.336308125395311,-3.41697020461103,0.107385139581817,2.83561404853256,-0.712956451647351,0.0759612799223731,-0.564555709980876,-3.4131737517554,2.8598701395921
78.78,-0.112136863561267,-3.41347313563332,-0.0681886992545677,2.84507377838852,1.29370832342448,-0.153822694029995,-0.102711081292106,-3.41358912863791,2.85286103297554
78.8,-0.784484377136985,-3.41969775258121,-0.995474546388664,2.88736238146954,0.316356559898323,-0.665694754922445,0.61401261516485,-3.42125482859107,2.8575057712888
78.82,-1.38469360120074,-3.45329211748887,-1.49128426473525,2.85772804078445,0.527432899481162,-1.45173580237162,1.56335676490289,-3.44212625886024,2.87904783254936
78.84,-1.83313859015732,-3.47934912317062,-1.93702155263437,2.90845969744878,2.49755279622786,-2.32032408114745,2.55116114899129,-3.47989490823977,2.92031489375999
78.86,-1.97705856426302,-3.53077297959424,-2.93392362910151,2.95763015263356,2.90092556246806,-3.02715401371457,3.33524789356386,-3.53378573369524,2.97966463258412
78.88,-2,-3.59670606833469,-3.44175987210792,3.0244967199475,4.87710878629715,-3.43598554509426,3.77964419145946,-3.59895582240361,3.05142266981152
78.9,-2,-3.66844337447856,-3.80282702474032,3.15271450408545,4.70573357402315,-3.54225229157153,3.87878689220293,-3.66915366199153,3.12849706402335
78.92,-2,-3.7488191493243,-3.40776104170533,3.21272606290843,3.30361348015783,-3.45098913661001,3.7354628387469,-3.73932698431215,3.20495594807622
78.94,-1.95133883107583,-3.80475381614677,-3.14834467147193,3.28485904329176,3.67827355158991,-3.26084004080475,3.44732512434659,-3.80657589543043,3.27699002055338
78.96,-1.65855086924149,-3.87475293618317,-3.36610442152873,3.35985700497203,2.15928012113645,-2.94390880917307,2.99230946668666,-3.86894546122133,3.34176349514388
78.98,-0.898153645589719,-3.93939799300792,-2.12135773154716,3.37123024813722,1.52623755339989,-2.35547973325012,2.24143500303921,-3.92248651537234,3.39467604451926
79,0.312071878846572,-3.95960724544506,-1.07138401223618,3.42090650710802,1.26679511143387,-1.33036410414865,1.05511260089663,-3.96017514639846,3.42844330248732
79.02,1.4930602863464,-3.98225335349737,0.438200982663006,3.42190205259458,-0.239494744915947,0.0819444174861532,-0.497366558274119,-3.97309931903509,3.43441689986914
79.04,2.1528457058131,-3.94207920613854,1.17694748658168,3.41132671731138,-1.65194086793264,1.59858968562052,-2.12419997237659,-3.95611558477757,3.40797359022796
79.06,2.45870541567344,-3.9351754540341,1.85908884187586,3.35582441787727,-3.46856687353987,2.91823400515211,-3.5170431313925,-3.91040155584291,3.35094785272198
79.08,2.5,-3.86771565246351,4.5489470101248,3.27258404236979,-4.7271577570542,3.81788091971298,-4.44795516777325,-3.84221990453652,3.27040558959546
79.1,2.5,-3.75321757362911,6.39503271566322,3.1667381075951,-5.72754286714965,4.22106778123384,-4.83880324177926,-3.76115041125632,3.17677208753403
79.12,2.5,-3.61191434383698,4.35582813104408,3.0434823276838,-4.34975504149804,4.22330815225407,-4.78529566443585,-3.67616435220163,3.0799168401365
79.14,2.5,-3.57898444838734,2.48711618790725,2.99274790593518,-3.71785625468539,4.0173327077346,-4.47531887594067,-3.5935166899989,2.98699008202202
79.16,2.5,-3.51242969632069,3.84235385193367,2.89476807749639,-4.27515744804161,3.76227421538191,-4.06407904448659,-3.51570576747285,2.90149529447914
79.18,2.5,-3.42529029431,2.97276231700242,2.82174160801352,-3.08442782572743,3.53258824755709,-3.62526529160203,-3.44282640005735,2.82458421159215
79.2,2.5,-3.39351920364059,2.66989522359155,2.77139096446729,-3.03633953775793,3.3525902319217,-3.18502766052988,-3.37406119371696,2.7564859221344
79.22,2.5,-3.31849448536634,4.17009790904894,2.7002880265032,-3.01729363427254,3.22320139636671,-2.74883389260119,-3.30833291476382,2.69712426604442
79.24,2.5,-3.22671528727863,2.2311050006565,2.65069921909639,-2.95490209701891,3.13759980863276,-2.3158497370576,-3.24464451285742,2.64639682894841
79.26,2.5,-3.22925028534008,2.58098474286138,2.58209194262244,-1.88271631937938,3.09061877755152,-1.88627575503301,-3.18237331106109,2.60435740823177
79.28,2.5,-3.12347589756418,4.66992051149032,2.57539056632121,-0.808932308209387,3.07546977170107,-1.4601524555857,-3.12087270310361,2.57096523040883
79.3,2.5,-3.04245346488046,2.96675456269991,2.54973465029407,-1.16641879999316,3.08348856879005,-1.03726474013678,-3.05944457293767,2.546068197628
79.32,2.5,-3.00480571505618,2.40882794961517,2.52873381432149,-0.679192746599611,3.10751797645505,-0.618547912021249,-2.99759962629467,2.52954852043192
79.34,2.47837281381148,-2.94610034689586,2.24471996919444,2.52256694043008,-0.320330225021603,3.14193775651487,-0.205196321928154,-2.9350892186877,2.52129679396914
79.36,2.348244830774,-2.9150169162884,3.00010469194414,2.51592060532062,0.375320761028708,3.15528805620848,0.221973582781879,-2.87201833592062,2.52139950069126
79.38,2.01029050915099,-2.82609615921809,4.25165352368934,2.53757977087123,0.869273123636449,3.08408082051079,0.708872179906828,-2.80935834737052,2.53050947298007
79.4,1.47241249829041,-2.74495077534083,2.82291982611728,2.55069153026608,0.338392104433882,2.84001705030701,1.32530485934297,-2.74983856716278,2.55064124760683
79.42,0.947528761623821,-2.7131793661734,3.22052107411502,2.55111545504859,1.84413676372643,2.39818691675455,2.09244814511329,-2.69717235343931,2.58460561580082
79.44,0.633489127874146,-2.61612993237623,2.37327623720037,2.62445700081514,4.30981290077035,1.83327137807506,2.94939841839314,-2.65476242486393,2.63496430224446
79.46,0.518353148589581,-2.61824831668539,-0.201903183294583,2.7235079710794,3.84709222220033,1.26130761172824,3.7887333162151,-2.62391627400022,2.70248345552031
79.48,0.5,-2.62420605970801,0.628202771400743,2.77834068970315,3.82845221848448,0.777189334458028,4.50865378324615,-2.60370543339828,2.78570824656465
79.5,0.5,-2.59312020582936,1.25720056358635,2.87664605981878,5.23131627872045,0.455830650089807,5.0186704538157,-2.59168523695854,2.8813893482842
79.52,0.5,-2.57391803716456,0.489863609924834,2.98759334085197,5.5457490855731,0.352993751165304,5.244139285003,-2.58398486833069,2.98452927272821
79.54,0.5,-2.57352566143236,0.543803331778347,3.0984760232417,4.59575509376692,0.473320607011677,5.16771481740978,-2.57605060998987,3.08911315837577
79.56,0.5,-2.55216590389343,0.489019574215888,3.17142354460265,5.19679074667371,0.734531342923694,4.86793479825044,-2.56411257026946,3.18974513539573
79.58,0.5,-2.55396487846373,0.229816428851803,3.30634765310865,5.25081909855412,1.0263443182982,4.4600053538056,-2.54648000927851,3.28312323118478
79.6,0.5,-2.54297324673935,1.36296977927991,3.38145630854481,4.00415079102686,1.28193088055745,4.0194575970602,-2.52331462529584,3.36794195944903
79.62,0.5,-2.49944608729253,2.02906084584993,3.46651368474973,3.70262032356194,1.4828989881001,3.57357259678535,-2.49558030210176,3.44387879156303
79.64,0.5,-2.46181081290536,1.657892048735,3.52956112148729,1.59642321687342,1.63354134671918,3.12636515238583,-2.46433747696625,3.51087924667591
79.66,0.5,-2.43313040534313,1.55755161721222,3.53037061342466,1.63272309857999,1.7447942147202,2.6747913906492,-2.43051176990249,3.56891335510066
79.68,0.5,-2.39950874821687,2.13307968091139,3.59487004543049,3.43295869756647,1.82569408600991,2.21724378962903,-2.39474975519076,3.61783245955826
79.7,0.5,-2.34780721810667,1.58352764981887,3.66768896132732,1.78744475622403,1.88525732883599,1.75231334947977,-2.3576109640791,3.65754077457146
79.72,0.5,-2.33616764222411,2.41956953992984,3.66636783567945,1.63237841963841,1.92992510869538,1.28095066273249,-2.31944414488955,3.68788760704102
79.74,0.5,-2.25102443650948,2.99539690345116,3.73298409811286,0.874523538891236,1.9649040242391,0.805337149803841,-2.28047687183639,3.70874881613892
79.76,0.5,-2.21635176608607,1.87153933346157,3.7013487772351,1.05925314826528,1.99489889839765,0.328149500885811,-2.2408748692671,3.72008516186612
79.78,0.5,-2.17616286317102,2.18342927838483,3.77535422404347,0.885373116819943,2.02343324982588,-0.146924258586813,-2.20070131892033,3.72190338705691
79.8,0.5,-2.12901459495067,1.19572495480982,3.7367637019079,-2.25334546898563,2.05257368037677,-0.614879333539406,-2.15994110388336,3.7142691185563
79.82,0.5,-2.12833386497863,1.98557762955317,3.68522040528405,-1.79345339236205,2.08311248250526,-1.06991653546334,-2.11857797571986,3.69738287337053
79.84,0.5,-2.04959148976855,2.40638747293968,3.66502556621342,-1.33383900625115,2.11453209882926,-1.50545240863942,-2.07659771324623,3.67158347985949
79.86,0.5,-2.03207836606104,0.959191470744647,3.631866845034,-1.24943237334761,2.14317560403932,-1.91244482007722,-2.03397101054648,3.63731195823689
79.88,0.5,-2.01122383093876,2.80853053263219,3.61504827127951,-2.57540023083954,2.16296632385848,-2.27985268692739,-1.99084716265767,3.5952778305511
79.9,0.5,-1.91973714475575,2.45865409001649,3.52885083580042,-2.98958568939767,2.16531675461963,-2.59479084233377,-1.94754354663211,3.54644798253497
79.92,0.5,-1.9128776673381,0.85815326733808,3.4954648437036,-1.49775532248386,2.13836750209933,-2.84191985325554,-1.90450519038358,3.49200420616565
79.94,0.521627186188522,-1.88541101406223,1.66009703285567,3.46894062290106,-2.55058396329494,2.06263719745052,-2.99920766401414,-1.86239615358963,3.43341403015367
79.96,0.651755169226004,-1.84647378602387,3.33279239415459,3.39344148517181,-3.96277641672033,1.99916422654571,-3.12027575137034,-1.82168044483814,3.3720272698075
79.98,0.989709490849014,-1.75209931829604,3.00810878397722,3.31042956623225,-3.55495907658457,2.07205775803652,-3.31828026848217,-1.78107588616676,3.3076564120386
80,1.52758750170959,-1.72614943466478,1.28570021381617,3.25124312210842,-3.15499710899165,2.33831112128683,-3.64329464768566,-1.73759156946286,3.23854739602996
80.02,2.05247123837618,-1.7006713097434,2.52037851855172,3.18422968187258,-4.43115574131615,2.77152265917597,-4.06659368701852,-1.68680445498029,3.16164398544479
80.04,2.3457092025836,-1.62533429392272,3.13798166183152,3.07399689245578,-4.8835822044904,3.19697801443107,-4.41687597934316,-1.62678956901116,3.07638164360539
80.06,2.48164685141042,-1.57515204327014,3.48576852250547,2.98888639369297,-4.53588829858989,3.39513453714942,-4.48401086962652,-1.56043229098364,2.98684940656091
80.08,2.5,-1.4859035530225,3.95280293531097,2.89256136051218,-3.91475390435627,3.37584118870642,-4.28289162850225,-1.49246804845105,2.89884038328595
80.1,2.5,-1.4170399258577,3.18581117175473,2.83229623751872,-3.57550132845165,3.25774895912651,-3.93229051337275,-1.42604955395997,2.81652224429513
80.12,2.5,-1.35847110615231,3.49667314143824,2.74954130737412,-4.90067266598238,3.12909938719815,-3.51984020080396,-1.36222368539683,2.74195473582602
80.14,2.46215242417009,-1.27717300020017,2.82347284615739,2.63626933087942,-3.81906765520462,3.02117699381744,-3.07991083401849,-1.300722874405,2.67589005386959
80.16,2.23442845385449,-1.24553219230601,2.41856890967403,2.59677860116593,-2.4220520601473,2.88707468958388,-2.578279236288,-1.24154417460185,2.61916246343625
80.18,1.64300839101423,-1.18043024381321,3.18103210820822,2.53938724847353,-1.86796274272589,2.6221837776055,-1.9356956925266,-1.18613085777302,2.57371434657309
80.2,0.701721872008222,-1.11829090797768,2.00632191706448,2.5220600914569,-0.119514727113812,2.11654573166944,-1.07300954885874,-1.13825887102661,2.54320406352324
80.22,-0.216824667158314,-1.10017736713063,1.72687745908743,2.53460665938898,1.02352695886352,1.35823367416521,0.0071566410443844,-1.10320309029612,2.53228350086595
80.24,-0.766394026220245,-1.04921580961419,0.790812451338663,2.56300116981144,1.23294216956188,0.47105227603251,1.19317799063132,-1.08479177242047,2.54419892943056
80.26,-0.957715074836897,-1.06854486907708,-1.40283143840865,2.58392434617145,1.93086105444153,-0.400690729762505,2.35500776619134,-1.08419108628663,2.5797976577952
80.28,-1,-1.10532906715053,-1.93188192962997,2.6402356119891,2.75064501007569,-1.1846196503938,3.41474011738036,-1.1002200583171,2.63770764255728
80.3,-1,-1.14582014626228,-1.94154763176307,2.69395014657448,3.7252308612152,-1.85704630275653,4.33177906491117,-1.13089012935619,2.71550308815578
80.32,-1,-1.18299097242106,-1.64069919750959,2.78924484643771,5.61947103543106,-2.3731232917012,5.04530178784879,-1.17359350645665,2.8097863777617
80.34,-1,-1.21144811416266,-2.36692386846082,2.91872898799172,5.5909766601158,-2.63992531518162,5.45369032252851,-1.22406451225141,2.91521319644475
80.36,-1,-1.27766792715949,-3.34524967582465,3.01288391284234,5.30307660700406,-2.61497926271692,5.506340160621,-1.277099978344,3.02538777359382
80.38,-1,-1.34525810119565,-2.67979072677937,3.13085205227189,6.32393503362636,-2.32481504765665,5.22231320102417,-1.32684573743014,3.13314284166511
80.4,-1,-1.38485955623066,-2.11294931008585,3.26584131418739,4.31609519512551,-1.91704117480382,4.74671721657093,-1.36933740914495,3.233027580778
80.42,-1,-1.42977607359908,-0.889823117066896,3.30349586007691,3.84040302518409,-1.53067564809527,4.22050208030373,-1.40371067690197,3.32271213458774
80.44,-1,-1.42045248091334,-0.347346207268873,3.41945743519476,4.62858412464228,-1.22009858217888,3.70367211637471,-1.43109129230884,3.40192978763745
80.46,-1,-1.44366992188984,-1.67801532172021,3.4886392250626,3.06859538683971,-0.988859814918928,3.20693026748634,-1.45306629926968,3.47101208626265
80.48,-1,-1.48757309378215,-1.30630728467983,3.54220125066834,2.38166717253582,-0.824140511796704,2.72539362618769,-1.47108297200068,3.53030326127568
80.5,-1,-1.49592221327703,-1.2337626356729,3.58390591196403,1.46823872463603,-0.709818620725704,2.25140174238217,-1.48635793656173,3.58006935175768
80.52,-1,-1.53692359920906,-0.2705469972694,3.60093079965379,1.25180531820627,-0.634301583890223,1.78142533558739,-1.49973412328839,3.62038570699705
80.54,-1,-1.50674409316781,0.433676936892174,3.63397812469228,1.32657782468036,-0.587093921991839,1.31330394814459,-1.51191068137689,3.65133251193994
80.56,-1,-1.51957652173338,-0.0828978321349427,3.653993912641,1.2102736578311,-0.560694468977104,0.847529469161313,-1.52335912431555,3.6729355884592
80.58,-1,-1.51006000645321,-0.301399863206453,3.68238907100552,0.435902617068884,-0.548985681749359,0.385850210641306,-1.53443257817342,3.68525785500471
80.6,-1,-1.53163251626163,-0.821286422038664,3.67143001732376,-0.154706904098745,-0.547155848896927,-0.0689155052747441,-1.54538280389034,3.68841517468221
80.62,-1,-1.54291146333475,-0.39329108500703,3.67620079484157,0.166923153999177,-0.552004378294542,-0.512651999195655,-1.55636396516245,3.68257637116133
80.64,-1,-1.54736415966192,-1.15240685135161,3.67810694348372,-0.423085693210912,-0.561635108215572,-0.940331142037568,-1.56749223427664,3.6680132692945
80.66,-1,-1.58900773738882,-0.860079945997289,3.65927736711314,-1.03579456272326,-0.575737093328214,-1.3458416042198,-1.57884785366879,3.64510076691055
80.68,-1,-1.58176735750181,-0.364594446984529,3.63667516097479,-2.74212374535071,-0.59575838708603,-1.72161642989638,-1.5905322811221,3.61435547737222
80.7,-1,-1.6035915152682,-0.420143454073324,3.54959241729911,-2.81453657610727,-0.624671857347811,-2.05892426578016,-1.60272104277153,3.57648056976705
80.72,-1,-1.59857309566474,-0.2634485386459,3.5240936979305,-1.69531899306334,-0.667546900523661,-2.34761027540446,-1.61563790714158,3.53234261589059
80.74,-1,-1.61412945681403,-0.857167905576145,3.48177965757658,-2.55492119518586,-0.731071065563813,-2.57650298941363,-1.62957796875857,3.4829845373594
80.76,-1,-1.63285981188779,-1.20763832412202,3.42189685012307,-2.48200042995105,-0.820261142086318,-2.73638271806857,-1.64504170473168,3.42973088990224
80.78,-1,-1.66243498977891,-1.3299547797896,3.38249964037853,-3.44858505415025,-0.937180820164871,-2.82199394587161,-1.66258165897166,3.37403436799194
80.8,-1,-1.68605800307937,-0.800612252131588,3.28395344795706,-2.62696057971071,-1.07974182423101,-2.83354197850284,-1.682729675332,3.31737278435301
80.82,-1,-1.69445947986418,-1.46819638896926,3.27742121719011,-2.10814958051669,-1.24004984864632,-2.7785766645958,-1.70592191852234,3.26116338223383
80.84,-1,-1.74478585863814,-1.19951341612093,3.19962746473639,-3.64530981583419,-1.40772788499412,-2.66879509421547,-1.73237310117706,3.20659047696237
80.86,-1,-1.74244001650901,-1.532222294493,3.13160882455674,-3.15886046625101,-1.56954994461526,-2.52001655490471,-1.76215684871206,3.15464131155441
80.88,-1,-1.80607475041786,-2.91220772663884,3.07327304608635,-2.14473402060875,-1.71830822404801,-2.34310792618009,-1.79505760683107,3.10596634892134
80.9,-1,-1.85892832557457,-1.59506975817064,3.04581946373239,-1.97759935741708,-1.84990319782267,-2.14620195570443,-1.83077401585862,3.06105026009508
80.92,-1,-1.86987754074469,-1.37763366688884,2.99416907178967,-1.04468341586813,-1.96328288453044,-1.93457099768707,-1.86897130271473,3.02025468405817
80.94,-1.01622038964139,-1.91403367225012,-2.16420175560995,3.00403212709766,-1.51463056464839,-2.06451817924651,-1.70650471534657,-1.90924722194969,2.9837997705891
80.96,-1.1138163769195,-1.95644561096908,-1.24485956154387,2.93358384920373,-2.34738304475907,-2.18857503939591,-1.43364942688822,-1.95166390795957,2.95225555906022
80.98,-1.36728211813676,-1.96382805471188,-2.56961079759083,2.9101368053073,-0.729033330153261,-2.40369264266858,-1.058317386274,-1.99737348428241,2.92711512862159
81,-1.77069062628219,-2.05923004287272,-3.83251750883742,2.9044225159976,-0.515549434319218,-2.77993274546476,-0.525639394193989,-2.04891009967862,2.91099548517839
81.02,-2.16435342878213,-2.11712875506537,-2.71331013118911,2.88951482793453,0.06419980287099,-3.28300288240935,0.118223319242372,-2.10943112886842,2.90684369533423
81.04,-2.3842819019377,-2.16776244812028,-3.60107113702803,2.90699050811244,1.38159260795192,-3.81519103541971,0.769732208316538,-2.18048403498742,2.91583021996153
81.06,-2.48623513855781,-2.2611716005465,-4.93830325858912,2.94477853225261,1.38880186633106,-4.2435237672842,1.29747971904537,-2.26131770689341,2.93677965743503
81.08,-2.5,-2.36529457846385,-4.06663832329606,2.96254258276568,1.92502102553008,-4.52136262218568,1.65638673677694,-2.34920750949015,2.96658988726401
81.1,-2.5,-2.42383713347834,-4.45679950219816,3.02177937327381,1.87541253028622,-4.66199179210439,1.86012900093345,-2.44124970528612,3.00199326050217
81.12,-2.5,-2.54356655855177,-5.03181694215316,3.03755908397713,1.87559896111037,-4.70580931907218,1.94851239752349,-2.53501427048464,3.04020017106368
81.14,-2.5,-2.62510981116446,-4.27932544058346,3.09680333171823,2.80407218989415,-4.68190600487814,1.95055768478124,-2.62901207099343,3.07934097635969
81.16,-2.5,-2.71473957617511,-4.49262282049305,3.1497219715729,1.65740058282723,-4.61987693761759,1.89525881519168,-2.72207902172561,3.11788043904769
81.18,-2.5,-2.80481472398419,-4.26330746105559,3.16309935503132,1.6424597244622,-4.53775379545318,1.80062518677043,-2.81367974344833,3.15489543647193
81.2,-2.5,-2.88527187461733,-4.46455157864465,3.21542036055138,2.27599618663167,-4.44910386052825,1.68036466405198,-2.90355312868729,3.18974163606557
81.22,-2.5,-2.98339678712997,-5.76487283238761,3.25413920249658,1.26082590513974,-4.36270197460277,1.54374534255027,-2.99165855290659,3.22200096417903
81.24,-2.5,-3.11586678791284,-4.17567038430062,3.26585339675697,0.278542565268503,-4.28307449839585,1.39622897513498,-3.07811010266574,3.25142206280332
81.26,-2.5,-3.150423602502,-3.32475730101186,3.26528090510732,1.68866298489972,-4.21324580405973,1.24201506125351,-3.1630604036439,3.27781784665038
81.28,-2.5,-3.24885707995331,-4.12439926332565,3.33339991615296,1.12472856701155,-4.15414612461631,1.08358010483488,-3.24671806975874,3.3010808201843
81.3,-2.5,-3.31539957303502,-4.64657358750826,3.31027004778778,-0.221331257089796,-4.10599379188241,0.922900563891419,-3.32929594961317,3.32114270508824
81.32,-2.5,-3.43472002345364,-4.23543828950081,3.32454666586937,0.197971181447687,-4.06787310546975,0.761047872179028,-3.41101461295921,3.33797953246933
81.34,-2.47837281381148,-3.48481710461506,-3.61071855318701,3.31818889504569,0.397560516666018,-4.03595463265082,0.59644262489223,-3.49206234767339,3.35157586095129
81.36,-2.348244830774,-3.57914876558112,-4.45316570345565,3.34044908653601,1.80720812258771,-3.96384559826984,0.387382664948233,-3.57221041349565,3.36156462270017
81.38,-2.01029050915099,-3.66294373275328,-3.11254222080876,3.3904772199492,-0.176467768844391,-3.75731094186675,0.0469331505685527,-3.64973299574822,3.36620748834786
81.4,-1.47241249829041,-3.70365045441347,-2.52995645269422,3.33339037578224,-1.26353934718508,-3.31936632534205,-0.513927501996772,-3.72092273005442,3.36193710065496
81.42,-0.94752876162382,-3.76414199086105,-3.36217871717819,3.3399356460618,0.0599644073594363,-2.67152343413769,-1.27025208942922,-3.78104295933616,3.34428503798659
81.44,-0.633489127874146,-3.8381376031006,-2.24801780449295,3.33578895207661,-2.39818793602253,-1.98486109239875,-2.04972982484641,-3.82751857427224,3.31096533585558
81.46,-0.518353148589582,-3.85406270304077,-1.10526247054377,3.2440081286209,-3.27488781494797,-1.44747814933256,-2.65815903760324,-3.86150916833055,3.26350607770612
81.48,-0.5,-3.88234810192235,-0.79890126334109,3.20479343947869,-3.03826333766165,-1.1383752716577,-3.00496252818747,-3.886959314317,3.20640345954981
81.5,-0.5,-3.88601875357441,-1.43291803926335,3.12247759511443,-2.63382183194045,-1.03425516298457,-3.10358028549906,-3.90841352470197,3.14496778834445
81.52,-0.5,-3.93966482349289,-1.60884471352631,3.09944056620108,-1.97084699935791,-1.05780837918171,-3.02663511952551,-3.92918037183505,3.08343124250881
81.54,-0.492091239800407,-3.95037254211546,-0.882387186774847,3.04364371514011,-3.29399604214684,-1.14230413246504,-2.84131106508425,-3.95112837914791,3.0246217690845
81.56,-0.424122415386998,-3.97496031096388,-1.78850616625399,2.9676807245152,-3.24966514566808,-1.22412429347274,-2.61333014569792,-3.97487027016405,2.970077095736
81.58,-0.255145254575493,-4.02191278876562,-1.65266954441964,2.91365710931339,-2.80541250926388,-1.22657299730753,-2.4193010636873,-3.99952692054948,2.91982616392326
81.6,-0.0150615649499912,-4.04106709274067,-0.861822355565911,2.85546422414465,-1.28382723340473,-1.12916986317994,-2.27933622728997,-4.02328353317518,2.87295999215861
81.62,0.27623561918809,-4.05638568298826,-1.25161266036582,2.8623040199772,-1.99961416244214,-0.92657361606867,-2.19712117683946,-4.04394372376172,2.82822303790295
81.64,0.433255436062927,-4.0911315991553,-0.118566527325492,2.77547965764696,-3.23532427763438,-0.712240556889856,-2.08616710500037,-4.06027903705717,2.78527762195667
81.66,0.490823425705209,-4.06112834408128,0.584107302924775,2.73289104887183,-2.16123427907809,-0.550753336890142,-1.89141043070431,-4.07280732430436,2.74535440871248
81.68,0.5,-4.06776730703831,-1.42114964829525,2.68903028648384,-1.4864453667488,-0.45221490096127,-1.610353965547,-4.08273683031761,2.71020404292327
81.7,0.5,-4.11797433001309,-0.329583994361515,2.67343323420187,-0.601077406262851,-0.397337389637744,-1.26743847051593,-4.09118849399815,2.68135343454575
81.72,0.5,-4.08095066681277,0.109950816277804,2.66498719023332,-0.111663552501562,-0.365187331344435,-0.888133687318848,-4.09877859033995,2.65974615790872
81.74,0.5,-4.11357629736198,-1.45175321830082,2.66896669210181,-0.3072933597702,-0.344109391111529,-0.489205947807283,-4.10586124111564,2.64595223347608
81.76,0.5,-4.1390207955448,0.365393387682955,2.65269545584252,0.0215615204945618,-0.328751784075594,-0.0818151047863453,-4.1125808131024,2.64023400422459
81.78,0.5,-4.09896056185466,0.853550046578255,2.66982915292159,0.30645405558849,-0.31620989946238,0.325217199980872,-4.11903040324504,2.64267744515458
81.8,0.5,-4.10487879368167,-0.598197765567487,2.66495361806606,0.393569917856385,-0.304824090312501,0.724215950139891,-4.12524099176696,2.65319199617033
81.82,0.5,-4.12288847247736,-0.0539051900301679,2.68557194963585,0.407444800769297,-0.292678204195976,1.10745373223078,-4.13121530262354,2.67153881372507
81.84,0.5,-4.10703500128288,-0.116457409178983,2.68125141009683,0.9411438113895,-0.276894017891243,1.46658719273231,-4.13693077600276,2.6973363871353
81.86,0.5,-4.12754676884452,-1.00969549644692,2.72321770209143,2.30789972911085,-0.253879507457245,1.79271310718034,-4.14225820512117,2.72999533362351
81.88,0.5,-4.14742282114075,-0.680269391622312,2.77356739926126,2.28062977892213,-0.218605571879058,2.07598544722404,-4.14699524088933,2.7687510370313
81.9,0.5,-4.15475754450941,-0.331998447179016,2.81444289324831,2.31970705738621,-0.164627615350352,2.30572120514859,-4.15086911699957,2.81267228488112
81.92,0.5,-4.16070275902791,-0.254332827109649,2.86635568155671,2.16828522492261,-0.0868474611158278,2.47291674796346,-4.15342894340151,2.86057105891284
81.94,0.5,-4.1649308575938,0.0583397003576902,2.90117430224522,3.09117601611174,0.0174798498887623,2.57172079995393,-4.15415884014696,2.91112464381895
81.96,0.5,-4.15836917101361,0.208000807301167,2.99000272220118,3.50311306792529,0.147719614206167,2.60068734817678,-4.15254276222091,2.96296023340546
81.98,0.5,-4.15661082530175,-0.427692626262699,3.04129882496223,2.20661720459716,0.297736930430829,2.56506130715891,-4.14811510411667,3.01471852450275
82,0.5,-4.17547687606412,0.229514939493125,3.07826741038507,2.19233983451582,0.457661489417672,2.47519028678873,-4.14056580715148,3.0651989931058
82.02,0.5,-4.14743022772203,1.41847765913601,3.12899241834286,2.26092005909279,0.61714225244657,2.34323423614521,-4.12980563517126,3.11344057708578
82.04,0.5,-4.11873776969867,1.48180386505596,3.16870421274878,2.27374747668853,0.768017204881445,2.18014854242298,-4.11594174114268,3.15872411964019
82.06,0.5,-4.08815807311979,0.57484702240127,3.2199423174104,1.99584922719029,0.904537494415049,1.99507902598015,-4.09919874095579,3.20051656619672
82.08,0.5,-4.09574388880262,0.456537327010587,3.24853818183639,0.586792697715088,1.02422746162632,1.79427480997848,-4.07988195312502,3.23843188548564
82.1,0.5,-4.06989658003936,1.62118067735044,3.24341402531901,1.64102536008199,1.12711153448944,1.58167191799139,-4.05833495954127,3.27220192924995
82.12,0.5,-4.03089666170861,2.29793205152266,3.31417919623967,1.59539684831413,1.21483253552371,1.35967817305231,-4.03490759276728,3.3016447872778
82.14,0.5,-3.97797929797846,0.997552637477805,3.30722989925157,0.437327897976758,1.28775888165247,1.13186559151972,-4.00985425741078,3.32656387621604
82.16,0.5,-3.99099455620949,0.313976939771965,3.33167231215874,1.43727206513056,1.34794623548404,0.900204469176636,-3.98346424650647,3.34687621250656
82.18,0.5,-3.96542022038758,1.89997932419625,3.36472078185679,0.984884638532257,1.3973898214061,0.666665389673951,-3.95599819783425,3.36255034493134
82.2,0.5,-3.91499538324164,1.80493739108707,3.37106769770003,0.495456938284444,1.43658793266983,0.434573029782923,-3.92764192498327,3.37355782636349
82.22,0.5,-3.8932227247441,0.677746919924049,3.38453905938817,0.539467372165048,1.46645349096738,0.206759198248315,-3.89859181714417,3.37995645987038
82.24,0.5,-3.88788550644468,1.15027255340467,3.39264639258663,-0.233020417126706,1.48763938253266,-0.01385027114554,-3.86903008943876,3.38186505838978
82.26,0.5,-3.84721182260791,1.84660593803483,3.3752182427031,-0.317901540117682,1.50032026424808,-0.223964545426293,-3.83913014867738,3.37946178212603
82.28,0.5,-3.81402126892329,2.04360721974493,3.37993033098192,-0.101552020618711,1.50458826972812,-0.420416360140135,-3.8090723831121,3.37299734771089
82.3,0.5,-3.76546753381811,1.56246433908468,3.37115616187836,-0.939718087750341,1.49992424054287,-0.599765690307239,-3.77901812428433,3.36276905534078
82.32,0.5,-3.7515226953599,0.669905595666398,3.34234160747191,-1.38931743289806,1.48539221972577,-0.758457594811871,-3.74912101053797,3.34912187472222
82.34,0.5,-3.73867130999146,1.42449901240238,3.31558346456243,-0.793927260066474,1.46159089748114,-0.894554575567345,-3.71961225238142,3.33253005891659
82.36,0.5,-3.69454273486381,1.53312837244438,3.31058451706925,-0.756180281885321,1.42902493425437,-1.0064280722299,-3.6907052613567,3.31349338059264
82.38,0.5,-3.67734617509368,1.63253377200249,3.28533625328702,-1.11415251776591,1.38739588036572,-1.09215647254982,-3.66255993147787,3.29249540567719
82.4,0.5,-3.62924138398371,2.30345784775459,3.26601841635862,-1.07082337202377,1.33654007317544,-1.15037214814517,-3.63531675772439,3.27003187097113
82.42,0.5,-3.5852078611835,1.05367966392875,3.24250331840607,-1.39691695124244,1.27863471726265,-1.18225026631996,-3.60916708340867,3.24667095215757
82.44,0.5,-3.58709419742656,0.430977550497225,3.21014173830892,-0.911298925643733,1.21499437828079,-1.18862901314299,-3.584221403247,3.2229216493068
82.46,0.5,-3.56796875916361,1.17556158331777,3.20605136138032,-0.82001298899036,1.14783848978612,-1.17161816782253,-3.56057455719657,3.1992719620057
82.48,0.5,-3.54007173409385,1.55734740460637,3.1773412187493,-1.5086017918001,1.08013281230875,-1.13442513444428,-3.53830290769705,3.17618444652413
82.5,0.5,-3.50567486297935,0.975364508343501,3.14570728970832,-0.999454610255457,1.01332551051492,-1.07919567233442,-3.51739128726573,3.15403425151518
82.52,0.5,-3.50105715376011,0.907126243987511,3.13736303433908,-1.7282456290823,0.948409694346686,-1.0079729697481,-3.49777896166816,3.13313963701108
82.54,0.5,-3.46938981321985,1.25863629927441,3.07657746454502,-0.574259003841671,0.886973369642409,-0.923565703066683,-3.47941079107345,3.11378962111881
82.56,0.5,-3.45071170178913,0.049335245106219,3.11439267418542,0.240027891909045,0.831000951194961,-0.829354914975377,-3.46223120316678,3.0962382092314
82.58,0.5,-3.4674164034156,0.609769492694712,3.08617858022139,-1.35615691576456,0.780723869387093,-0.727261389612552,-3.44611553395613,3.08065036265898
82.6,0.5,-3.42632092208134,1.69869149839234,3.06014639755484,-1.47138974471435,0.736696817910956,-0.619648038671564,-3.430948593268,3.067170217734
82.62,0.5,-3.39946874347991,0.424008221425209,3.02732299043281,0.118071086077887,0.699213222864686,-0.50867955130442,-3.41660805506941,3.05589248128048
82.64,0.5,-3.40936059322433,0.553664946161669,3.06486924099795,-0.138964988657297,0.667904970260467,-0.395934110436597,-3.40295129975123,3.04684996338396
82.66,0.5,-3.37732214563344,0.182028925009881,3.02176439088652,-0.682218717401606,0.642661450611319,-0.283239303667151,-3.38984961091542,3.04005276511556
82.68,0.5,-3.40207943622394,-0.166038459982876,3.03758049230189,0.23517243927601,0.623781181327931,-0.172831420802765,-3.37719156188515,3.03549251719342
82.7,0.5,-3.38396368403276,1.2670119884069,3.03117128845756,-0.464942800972634,0.611146141903606,-0.066475838332186,-3.36485714829454,3.03311293273282
82.72,0.5,-3.35139895668766,0.675276179813311,3.01898278026298,0.548003364301097,0.604221967152955,0.0345567094696884,-3.35271884869177,3.03281101823236
82.74,0.5,-3.35695263684023,1.60123600744106,3.0530914230296,0.870998691731817,0.602606266364465,0.128975270759375,-3.34066088098423,3.03446039699545
82.76,0.5,-3.28734951639002,0.867956048961083,3.05382272793225,-0.250518926100074,0.606191899753169,0.215294382956157,-3.32858219803391,3.03791815825773
82.78,0.5,-3.32223439488178,-0.820465955736438,3.0430706659856,-0.395701619854527,0.614594785376672,0.292453070096364,-3.31638093475772,3.0430103763064
82.8,0.5,-3.32016815461948,0.672523217112475,3.03799466313807,-0.136932762812392,0.627434619853088,0.359585052118637,-3.30396665775956,3.04954737772226
82.82,0.5,-3.29533346619728,0.74372084001374,3.03759335547311,0.149505934556082,0.644447382485846,0.415936369407365,-3.29126615595119,3.05733724657608
82.84,0.5,-3.29041932101893,0.287337748442074,3.04397490052032,0.458762526656764,0.664954002268252,0.461230536311604,-3.27819568118077,3.06614905221924
82.86,0.5,-3.2838399562596,1.36678356882789,3.05594385653938,1.52526896707786,0.688165803228067,0.495469226005649,-3.26467856595883,3.07574268083073
82.88,0.5,-3.23574797826581,0.97742116646744,3.10498565920343,0.679877339133528,0.713452562043051,0.518748075219888,-3.25065962723777,3.08589294027728
82.9,0.5,-3.2447431096009,-0.00525033037324096,3.08313895010472,0.397094098182504,0.740342508040929,0.53125668424067,-3.23610516641184,3.0963895601133
82.92,0.5,-3.23595799148074,2.07005692584745,3.12086942313073,-0.433293462837325,0.768522323199328,0.533278616910314,-3.22100296931717,3.10703719158086
82.94,0.510813593094261,-3.16194083256701,2.18639107882607,3.06580721159122,-0.639550648856257,0.799911153115094,0.523105182078841,-3.20532766071619,3.11762481623649
82.96,0.575877584613002,-3.1485023483277,0.624016639507174,3.09528739717648,1.76460761447027,0.858723226863189,0.477785583859725,-3.1888293975777,3.12773199651797
82.98,0.744854745424507,-3.13698016698672,-0.121270489150549,3.13639151617004,0.84032472896195,0.995192981149572,0.350484718036073,-3.17046889003995,3.13619695647372
83,1.01379375085479,-3.15335316789372,0.123657262233978,3.12890038633496,-0.380516736386105,1.25772033597068,0.098001125379404,-3.14816003739006,3.14089617141236
83.02,1.27623561918809,-3.13203387649736,1.64441920692547,3.12117084671459,0.592181785914803,1.61545297961542,-0.244512492518538,-3.11949437317772,3.13948689883494
83.04,1.4228546012918,-3.0875763996167,1.68802830698659,3.15258765777155,-0.101124457221091,1.97065161835621,-0.577122286695954,-3.08353232359801,3.13115655291863
83.06,1.49082342570521,-3.0645127442179,2.68687682258123,3.11712586842575,-1.07361829870032,2.23052107183735,-0.806155679186251,-3.04133571610425,3.11712368848761
83.08,1.5,-2.98010132671345,2.744611533514,3.10964292582354,-1.07659004391155,2.37680557157817,-0.911885613800393,-2.99509300278472,3.0997557328352
83.1,1.5,-2.95472828287734,2.2814975150688,3.07406226666929,-0.661131522199154,2.43705228546592,-0.920404192279972,-2.94684107674987,3.08130023395389
83.12,1.5,-2.8888414261107,3.43005612244177,3.08319766493557,-0.987130275335957,2.44964368775771,-0.869159836286295,-2.89792552216981,3.06333505517855
83.14,1.5,-2.81752603797967,2.66039787955992,3.03457705565585,-1.46513480938111,2.43779886477254,-0.781664266076418,-2.84901730689094,3.04677460290029
83.16,1.5,-2.7824255109283,1.60834603841766,3.02459227256033,-0.360015108572864,2.41596821514714,-0.673278398913468,-2.80047280982689,3.03220105406116
83.18,1.5,-2.75319219644296,1.60661202240305,3.02017645131293,-0.678130629850326,2.39152068036936,-0.552868155375443,-2.75239527597823,3.01992292781377
83.2,1.5,-2.71816103003218,3.21689072959831,2.99746704736631,-0.980706063465109,2.36904041345633,-0.426724622397195,-2.70479853849858,3.01012417389846
83.22,1.5,-2.62451656725903,2.93724912301797,2.98094820877433,0.521566163186182,2.35043436922343,-0.298697314275629,-2.65760732504303,3.00286603716517
83.24,1.5,-2.60067106511146,1.2456523873105,3.01832969389376,1.45173865034204,2.3371454226613,-0.172155348694551,-2.61074260902437,2.99816365772338
83.26,1.5,-2.57469047176661,2.63740826606738,3.03901775478801,-0.607063328375945,2.32937026292833,-0.0493031308030157,-2.56408726121775,2.99595733706812
83.28,1.5,-2.49517473446877,2.68778187865549,2.99404716075872,-1.55864385827067,2.32714539324233,0.0678942937270253,-2.51752873814183,2.99615198905468
83.3,1.5,-2.46717919662039,1.66176630822815,2.97667200045718,-0.387779887102324,2.33020156739239,0.17788995380843,-2.4709792949257,2.99863790715408
83.32,1.5,-2.42870408213964,2.20326170699031,2.97853596527463,0.601437927085147,2.33936176299846,0.278166223292878,-2.42429172393221,3.00321375019975
83.34,1.49459320345287,-2.37904872834077,3.06845388587196,3.00072951754059,-0.327574570575517,2.35159764770117,0.37005109413116,-2.37736857302442,3.00969333418167
83.36,1.4620612076935,-2.30596592670476,2.38881955744669,2.96543298245161,0.0786132727767952,2.35566021714232,0.462931446664761,-2.33027279920986,3.018013142808
83.38,1.37757262728775,-2.28349594604291,1.00050896686188,3.00387404845166,1.68137207420859,2.32265535256658,0.582936384007124,-2.28341412672024,3.02841473923604
83.4,1.2431031245726,-2.26594556803029,3.3162415020221,3.03268786541995,1.45771608316003,2.23020296239431,0.749559181940138,-2.23776284588574,3.04164167581023
83.42,1.11188219040595,-2.15084628596202,2.77295202312127,3.06218269177806,0.918550154787534,2.08895190732833,0.949991347900727,-2.19455640885144,3.05864604508097
83.44,1.03337228196854,-2.15502748710544,1.18418391077428,3.06942987161145,0.949051985293214,1.9472555364974,1.13446867724716,-2.15420687501915,3.07953412516731
83.46,1.0045882871474,-2.10347892953105,1.9189392571902,3.10014477118979,1.66420357834144,1.8545095615729,1.25268844091686,-2.11627675094367,3.10352453008249
83.48,1,-2.07826991681783,2.04755410774993,3.13599801474511,1.88335948267296,1.81988533205691,1.29404091234731,-2.07963240384134,3.12912259174983
83.5,1,-2.02157676522105,1.83077489806672,3.17547915049671,1.58266371428333,1.8275341586248,1.27344104203574,-2.04317974771232,3.15485438003611
83.52,1,-2.00503892089516,1.8782529355052,3.19930456331645,0.564120003709334,1.86021797858805,1.20838514253922,-2.00634827592502,3.1797490648344
83.54,1,-1.94644664780085,1.71441734277972,3.19804395064508,0.786729343509485,1.90328253098221,1.11445257724226,-1.96873343343867,3.20302646754051
83.56,1,-1.93646222718397,1.46839509254014,3.23077373705683,0.181580626319233,1.94935685480852,1.00067652792655,-1.93020802642756,3.2242052150428
83.58,1,-1.88771084409924,1.36736802214177,3.20530717569785,0.927416910263501,1.99449503079967,0.873017159595931,-1.89076728070866,3.24296271698088
83.6,1,-1.8817675062983,1.56323268706632,3.26787041346737,1.4565295910367,2.03610286808588,0.736241608942242,-1.85044989191798,3.25906373485902
83.62,1,-1.82518153661659,2.17801773596272,3.26356835933932,0.501580037178806,2.07327173518468,0.593579533293803,-1.80935180957688,3.27237233775329
83.64,1,-1.79464679685979,2.21797968575668,3.28793361495452,1.09068984126354,2.10504224499915,0.448279054055448,-1.76755942400895,3.28279318013382
83.66,1,-1.73646234918632,2.92554190633103,3.30719595298986,0.0256129220937096,2.13115281781691,0.30291609330018,-1.72518285099988,3.29029922099542
83.68,1,-1.67762512060655,1.8693079416402,3.28895813183827,-0.0101004080407585,2.15169107489843,0.159709274505412,-1.68234627913384,3.29492104003006
83.7,1,-1.66169003152071,1.50649822538518,3.30679193666823,0.437274528199572,2.16645883305046,0.0210262824520232,-1.63916042540983,3.29672313437393
83.72,1,-1.61736519159114,2.76868892508906,3.30644911296625,-0.405222854102738,2.17502279928559,-0.110671830253991,-1.59572523636849,3.29580375542449
83.74,1,-1.55094247451715,2.18716292198599,3.29058302250412,-1.01572193611436,2.17765674048157,-0.233653691233857,-1.55217428246059,3.29233152331119
83.76,1,-1.5298786747117,1.20822652495112,3.26582023552167,-0.773931629940672,2.17473180507701,-0.346427958558336,-1.508644248595,3.28651575885052
83.78,1,-1.50261341351911,1.88646620526127,3.25962575730649,0.182940265108034,2.16605842842465,-0.447198022401466,-1.46524419104945,3.27857394014164
83.8,1,-1.45442002650125,2.85945327062635,3.273137846126,0.0440378954549736,2.15112538404605,-0.534078009759001,-1.42206488634202,3.26873885397019
83.82,1,-1.38823528269405,2.98479745652155,3.26138727312469,-0.149722746494907,2.13056994879063,-0.606411039674598,-1.3792363443924,3.25730559600374
83.84,1,-1.33502812824039,2.27223721867867,3.2671489362662,-0.700376376159573,2.10497475011829,-0.663708005500506,-1.33687354991324,3.24458032015728
83.86,1,-1.2973457939469,1.76737961281892,3.23337221807831,-1.74304427438773,2.07486682614293,-0.705679707282622,-1.29507095848179,3.23086446560082
83.88,1,-1.26433294372763,2.36856432154532,3.19742716529069,-0.64216024928353,2.04088487603125,-0.732383421335382,-1.25390870012888,3.21645935851875
83.9,1,-1.20260322108509,2.25267222965403,3.20768580810697,-0.114545552800993,2.00393155769458,-0.744336849486177,-1.21345682186816,3.20166850379011
83.92,1,-1.17422605454147,2.42239839282969,3.19284534317865,-1.25756043410845,1.96492970951615,-0.742308263108406,-1.17376456963893,3.18677899037288
83.94,1.00540679654713,-1.1057072853719,1.71569857082507,3.15738339074263,-0.643973772916528,1.92642687284638,-0.728838184305343,-1.134857104075,3.17205323275595
83.96,1.0379387923065,-1.10559811170847,1.77637840486587,3.16708639226199,-0.471250059801476,1.90149070304872,-0.716686046502398,-1.09662206846998,3.15762073148971
83.98,1.12242737271225,-1.03465214917727,2.10967882952718,3.13853338835057,-0.827024243129881,1.91375454562118,-0.728529800531775,-1.05855280156142,3.14322942962928
84,1.2568968754274,-1.02121095852738,1.16818895572438,3.13400542253679,-0.63831282538761,1.99398410263743,-0.793372055712288,-1.01958034942905,3.12809023260726
84.02,1.38811780959405,-0.987924590948294,2.28781214500389,3.11300087533507,-1.50125767092701,2.12765776716079,-0.89580007141031,-0.978427840617396,3.1112351181556
84.04,1.4614273006459,-0.929698472727227,2.38896923303622,3.07395511569971,-1.4384268154838,2.25966947475995,-0.981462887671,-0.934503245584415,3.09238708087491
84.06,1.4954117128526,-0.892365821626845,2.07641302717283,3.05546380271572,-0.147209504176515,2.34584335782335,-1.00723905959801,-0.888361407329666,3.07238996227752
84.08,1.5,-0.846641951640314,2.34349004155355,3.06806673553265,-1.03497958944447,2.38202027475192,-0.969516499067978,-0.841010276467378,3.05252755088882
84.1,1.5,-0.798626219964703,2.69514011154338,3.01406461913794,-0.940571008797009,2.3821646143687,-0.882807838581817,-0.793325069664187,3.03394014488857
84.12,1.5,-0.738836347178579,3.11770572040951,3.03044389518077,-0.725810560839313,2.36501662797376,-0.766696784900119,-0.74583930480062,3.01741162355539
84.14,1.5,-0.673917991148323,1.81366841007257,2.98503219670436,-1.07020556589705,2.34162110456297,-0.633721268858806,-0.698763435922434,3.00338231325691
84.16,1.5,-0.666289610775676,1.92576055100138,2.98763567254489,0.0710771450300296,2.3187366387159,-0.492448958335387,-0.652167075016588,2.99211446254488
84.18,1.5,-0.596887569108267,2.46092805620623,2.98787528250557,0.153682205138284,2.29926198672163,-0.347930569678921,-0.605990326420317,2.983705172552
84.2,1.5,-0.567852488527427,2.17099670584483,2.99378296075042,0.31109087044956,2.28521126774312,-0.204343558310008,-0.560158305506594,2.97818915381948
84.22,1.5,-0.510047700874474,1.71342682268388,3.00031891732355,0.342442627312189,2.2769826131544,-0.0643699386861358,-0.514545744386904,2.97550959022277
84.24,1.5,-0.499315415620072,2.28142440291,3.00748066584291,-0.490188785671064,2.27483736763106,0.0695427923708193,-0.469035428448504,2.97557131895872
84.26,1.5,-0.418790724758074,2.72469465354811,2.98071136589671,-0.484559954632713,2.2787764340483,0.195307027496563,-0.423511753027526,2.97823736411181
84.28,1.5,-0.390327629478147,2.40590007935359,2.9880982676576,-0.578201481511953,2.28833571682551,0.311373544678395,-0.377849576209141,2.98332127268451
84.3,1.5,-0.322554721583931,2.72846350284068,2.95758330663623,1.61518462079649,2.30316788562712,0.416288916648915,-0.331940376038299,2.99061519202442
84.32,1.5,-0.28118908936452,2.8854231214152,3.05270565248946,1.46829791326755,2.32302474086761,0.508726808107296,-0.285691847225469,2.99989330039161
84.34,1.5,-0.207137796727323,2.00974636282093,3.01631522316693,-0.727979836520021,2.34719650412546,0.587962400967423,-0.239003395140685,3.01088986222622
84.36,1.5,-0.200799234851683,1.90510324609603,3.02358645902866,0.934738823317316,2.37491894836817,0.653557014342558,-0.19178551087752,3.02332498410213
84.38,1.5,-0.130933666883482,2.73457264737526,3.05370477609962,1.29411062937944,2.40570735989337,0.705093304027341,-0.143974985033786,3.03692612535981
84.4,1.5,-0.0914163289566727,2.40092402692156,3.07535088420384,0.840034375423859,2.43927465674231,0.742239284603124,-0.09553117480732,3.05142674443617
84.42,1.5,-0.0348967058066193,2.69560367719661,3.08730615111658,0.289271110437339,2.47475667198546,0.765399930969804,-0.046403959941667,3.06653947843939
84.44,1.5,0.0164078181311917,3.50912188002435,3.08692172862133,0.0893218147333341,2.51112216145095,0.775366001222399,0.00344919311504233,3.0819729276316
84.46,1.5,0.105468169394355,2.54149127670765,3.09087902370591,0.363687859847417,2.54768998672071,0.772828455037005,0.0540450486455576,3.09746504374602
84.48,1.5,0.118067469199498,1.74823276964756,3.10146924301523,1.98472226956452,2.58413435993986,0.758371243177729,0.105374573374925,3.11278415403785
84.5,1.5,0.175397480180257,2.55756583070592,3.17026791448849,1.88068670669651,2.62010854593789,0.732786971232095,0.157418932521641,3.12771279030204
84.52,1.5,0.220370102427735,2.03425095100999,3.17669671128309,-0.462853871222024,2.65481044814876,0.697404965633547,0.210170658124033,3.14203003695486
84.54,1.48022809950102,0.256767518220657,2.43111027068211,3.15175375963961,-0.490834003926743,2.681727357295,0.659199598354836,0.263585682920581,3.15556497324076
84.56,1.3103060384675,0.317614513255019,2.48563898298558,3.15706335112602,1.05792914515227,2.63810521690671,0.678783054598668,0.316998144492602,3.16875614510051
84.58,0.887863136438733,0.35619307754008,2.23647763640931,3.1940709254457,0.880304299214663,2.40403316159711,0.869427278819693,0.367888955842362,3.18381094696481
84.6,0.287653912374978,0.407073618711392,1.62212070714338,3.1922755230946,1.27175599129369,1.85991440178459,1.33900180431272,0.411106259595373,3.20538106824413
84.62,-0.440589047970224,0.421077905825815,1.43969884075476,3.24494116509745,3.71326051582865,1.04875612371359,2.03272810494676,0.44038678890794,3.23897918756269
84.64,-0.833138590157318,0.464661572341582,0.809790728993891,3.34080594372775,1.77575680448366,0.273197980000707,2.64566835180532,0.45330565210568,3.2861391440822
84.66,-0.977058564263023,0.453469534985571,-0.648790258359759,3.31597143727679,1.38148182322581,-0.248040344775519,2.96151688719857,0.453067741753608,3.34276838579237
84.68,-1,0.438709962007192,-0.229037322595696,3.39606521665678,3.56510668276799,-0.50412721733799,2.97203640792516,0.445175739474947,3.40254026958588
84.7,-1,0.444308042081743,0.394883431584347,3.45857570458751,3.26231972072866,-0.589412047076686,2.77330678201075,0.434049722047285,3.46024772470797
84.72,-1,0.454505299270565,-0.979726542393648,3.52655800548593,3.02730367033572,-0.600343478502985,2.46298193700365,0.422077003388024,3.51274500992613
84.74,-1,0.405118980385997,-1.20815109640495,3.57966785140094,2.00324105533058,-0.585878959257763,2.09342101168334,0.410197995886627,3.55837892876057
84.76,-1,0.406179255414368,0.422089505228077,3.60668764769915,0.841569701918798,-0.567773602257466,1.69138727410822,0.398664153948968,3.5962674153383
84.78,-1,0.42200256059512,-1.7249221642297,3.6133306394777,0.710027393929591,-0.554641389213375,1.27141452060648,0.387452559710396,3.62591626265371
84.8,-1,0.33718236884518,-1.83946048239612,3.63508874345634,1.56271995973423,-0.548789210978304,0.842340155962041,0.376428609755644,3.64706442812438
84.82,-1,0.348424141299275,1.15564647512806,3.67583943786706,0.589634671665207,-0.549920061731053,0.410574999160004,0.36545455748321,3.65959261215011
84.84,-1,0.383408227850302,0.176970892684342,3.65867413032294,0.270345763894042,-0.55662991708563,-0.0184094186135556,0.354397616359839,3.66350501657353
84.86,-1,0.355502977006649,-1.81470302339267,3.68665326842283,-0.368387854551833,-0.567679764023084,-0.439169631162409,0.343158052544792,3.6589118437798
84.88,-1,0.310820106914595,-0.90283880939406,3.64393861614087,-1.16064806344175,-0.582345971676575,-0.846006284931963,0.331664205821592,3.64603128074906
84.9,-1,0.319389424630887,-0.330554256838661,3.64022734588516,-0.545231070210761,-0.600938830180417,-1.23242626286523,0.319838448849396,3.62520738037074
84.92,-1,0.297597936641049,-0.648364562033732,3.62212937333244,-1.31765109205444,-0.624760872068989,-1.59132624350642,0.307604998442912,3.59690585088705
84.94,-0.962152424170088,0.293454842149537,-0.522511614029679,3.58752130220298,-2.59054457231909,-0.651776832397697,-1.91864583266148,0.294806012870489,3.56178333158711
84.96,-0.770831375553436,0.276697472079861,-0.313739778286806,3.51850759043968,-3.15648080698854,-0.622600361014647,-2.2616155016903,0.28191833042623,3.52004557864813
84.98,-0.143008391014226,0.280905251018065,0.342110380922071,3.46126206992344,-2.40072903206756,-0.385680877125069,-2.75274671562155,0.271287698745007,3.4703301252378
85,0.798278127991778,0.290381887316744,-0.0195372977286404,3.42247842915698,-3.49809250630406,0.294868868229685,-3.60432357379301,0.269462027910282,3.40752283058946
85.02,1.71682466715831,0.280123759108919,0.998224294810213,3.32133836967127,-5.02888068883868,1.42189748274662,-4.81189826418645,0.28611284159612,3.32372933638531
85.04,2.2299911045213,0.330310859109153,1.73396747281656,3.22132320160343,-5.58321144087088,2.58049558163483,-5.96705373209634,0.326660148619891,3.21528748338216
85.06,2.46788198996823,0.349482458021582,2.95534426972433,3.09800991203644,-6.6889575650546,3.26403075680204,-6.56933707622596,0.386180038702119,3.08872394290722
85.08,2.5,0.448524629898126,4.02852614582155,2.95376489900124,-6.69571272048651,3.31009215547824,-6.46454207505565,0.452749562668989,2.95744237627458
85.1,2.5,0.510623503854444,3.30954049078584,2.83018140321698,-5.453002478616,3.0524747446402,-5.98459808465864,0.516550381257672,2.83264342443673
85.12,2.5,0.580906249529559,2.52682483703253,2.7356447998566,-5.0124075899265,2.76449245294568,-5.39847837006696,0.574687344430116,2.71872423897299
85.14,2.5,0.611696497335745,2.96317096191258,2.62968509961992,-4.9784134325011,2.54233015918557,-4.8007161925284,0.627624264806283,2.61673736526913
85.16,2.5,0.699433088006063,2.84445964630333,2.53650826255656,-4.51647754143121,2.39923813723711,-4.20925002483692,0.676932041383448,2.52664077536222
85.18,2.5,0.725474883187879,1.63448044337852,2.44902599796267,-4.24848356042438,2.3255319074284,-3.62209790880213,0.724132543394665,2.44830918479514
85.2,2.5,0.764812305741203,2.21320925503218,2.36656892013958,-2.55006034345764,2.30907817487785,-3.03564266069474,0.770386161428072,2.38173672168368
85.22,2.5,0.814003253389166,2.89732853801569,2.34702358422436,-1.9309814804386,2.33706782682415,-2.44760441090976,0.816723206004184,2.32692194569311
85.24,2.5,0.880705447261831,1.99310101801457,2.28932966092204,-2.09481507575953,2.39674147084284,-1.8572458214819,0.864016303881706,2.28386860116273
85.26,2.5,0.893727294109749,2.06676033916932,2.26323098119398,-1.76723235706433,2.4786835286731,-1.2658287401751,0.912752472918437,2.25263224206184
85.28,2.5,0.963375860828603,3.45534028298934,2.21864036663947,-0.989198712356865,2.57430735151471,-0.675771954837988,0.963260579904129,2.23322418148941
85.3,2.5,1.03194090542932,2.85392476478872,2.22366303269971,-0.152466229232029,2.67595489299941,-0.0902201393487978,1.01574683423088,2.22558051413902
85.32,2.5,1.07753285142015,2.18636047581859,2.21254171747019,0.241471785116021,2.77908824504081,0.486058470644011,1.07025326297144,2.22959799856799
85.34,2.48377961035861,1.11939532446207,2.85816721404487,2.23332190410435,1.84649006442923,2.87540481015698,1.05029281059509,1.1267737600333,2.24501262070958
85.36,2.3861836230805,1.19185953998195,3.71584686717303,2.28640132004736,1.97797946264459,2.93838227679148,1.61176823356159,1.18502315049543,2.27156958428773
85.38,2.13271788186324,1.26802919914899,2.34704140187384,2.31244108261013,1.82075690864205,2.93403608384732,2.18896592001597,1.24395391303524,2.30946656941873
85.4,1.72930937371781,1.2857411960569,1.67646826336513,2.35923159639304,2.95225033014058,2.8214700478992,2.80935264213747,1.30174116797667,2.35936789722293
85.42,1.33564657121787,1.33508792968359,2.58742377978218,2.43053109581576,3.24644011258562,2.55580514440475,3.50762314147078,1.35579295759828,2.42238608105721
85.44,1.10011684590561,1.38923814724819,3.29010124551398,2.48908920089646,3.49942928359757,2.16435371110958,4.27185627063571,1.40322211171434,2.49989973182072
85.46,1.01812211078419,1.46669197950415,1.89653932118063,2.57050826715966,4.93241072399074,1.72391559702069,5.03900948601384,1.44212359194095,2.59302430643313
85.48,1,1.46509972009541,1.24860137511541,2.68638562985609,5.82172215133148,1.31345534493164,5.73016547406612,1.47229838266762,2.7010841606929
85.5,1,1.51663603450877,1.2890477712313,2.80337715321292,6.77646075144005,1.02066679060152,6.24824025397478,1.49531914496643,2.8213862071369
85.52,1,1.51666163094466,0.46899248376252,2.95744405991369,6.55096588057899,0.941973062753108,6.4779831776464,1.5145302165922,2.94921991504087
85.54,0.980228099501016,1.53539573385927,0.913343554896007,3.06541578843608,6.10160731790875,1.14101621449736,6.33328434278432,1.53496851164214,3.07789263298943
85.56,0.810306038467495,1.55319537314051,1.37159237694955,3.20150835263004,6.33647732423465,1.45087785561788,5.97547651574516,1.56099224897104,3.20104738443255
85.58,0.387863136438733,1.59025942893725,1.01572032632018,3.31887488140546,5.1700366625538,1.60470874056281,5.67177445600156,1.59192313516432,3.31731372439356
85.6,-0.212346087625022,1.59382418619331,1.36110646933468,3.4083098191322,5.89651505151487,1.44603705499983,5.57082673420741,1.62298679266664,3.42937987970719
85.62,-0.940589047970224,1.64470368771064,1.36844481636877,3.55473548346606,6.28798548626094,1.06598733009832,5.57216940995422,1.64824101614968,3.54086815122155
85.64,-1.33313859015732,1.64856197884806,0.620237155432962,3.65982923858263,5.61819116770406,0.697711153157967,5.45613650699001,1.66573422840986,3.65145234357273
85.66,-1.47705856426302,1.66951317392796,0.36849630583306,3.77946313017422,4.96627133087209,0.436731096840775,5.15122042694405,1.6769005026652,3.75782367819111
85.68,-1.5,1.66330183108139,0.639255590736254,3.85848009181752,4.04194273090089,0.266039212930407,4.69233546603983,1.68381845417866,3.8564660442936
85.7,-1.5,1.69508339755741,0.463438947033029,3.94114083941026,3.59018913435366,0.13714920662056,4.13663097610793,1.68782043855941,3.94487649182513
85.72,-1.5,1.68183938896271,-0.74298090187026,4.00208765719166,4.08071620975455,0.0138646136728069,3.52536142652621,1.68932819205622,4.02157091392742
85.74,-1.49459320345287,1.6653641614826,-0.367432773436882,4.10436948780044,3.05814603629992,-0.116745600483354,2.87879922237374,1.68831387585671,4.08566113547881
85.76,-1.4620612076935,1.66714207802523,1.03392336318052,4.12441349864366,2.05602677867689,-0.252099666331629,2.20622682730947,1.68462405857344,4.13655097001435
85.78,-1.37757262728775,1.70672109600982,0.359197125868121,4.18661055894751,1.36601521506834,-0.378908813795249,1.51072609654144,1.67828119356379,4.17375982543362
85.8,-1.2431031245726,1.68150996305996,-2.11031019356303,4.17905410724639,1.06149162950415,-0.479182731874739,0.793323471234627,1.66965004800555,4.19683211532023
85.82,-1.12306127975985,1.6223086882673,-1.13906113650051,4.22907022412768,0.88580898395243,-0.543606618898576,0.0585622250974905,1.65936062578879,4.20537353798064
85.84,-1.03337228196854,1.63594751759994,0.518597922075215,4.21448646660449,-1.28272375398863,-0.572183701604755,-0.685885568277099,1.64816868781687,4.19910242476535
85.86,-1.0045882871474,1.6430526051503,0.0889102339995118,4.17776127396813,-2.04278110636789,-0.573654751382209,-1.42952398524546,1.63665251167506,4.1779510274081
85.88,-1,1.63950392695992,-1.17619794016057,4.13277522234978,-2.34562141375065,-0.551963278693181,-2.16458459228174,1.62534019292818,4.14199690478761
85.9,-1,1.59600468754388,-0.675954151729136,4.08393641741811,-2.86132351238222,-0.503835646876718,-2.88709928688769,1.61474431573728,4.09144720523815
85.92,-1,1.61246576089075,-0.374399120687113,4.01832228185449,-2.4329399187341,-0.422501693122876,-3.59494483427348,1.60542382844283,4.0265986607143
85.94,-1,1.5810287227164,-0.570503586854532,3.98661882066874,-3.99150403465449,-0.307467484906087,-4.28227337346612,1.59807087236629,3.94778454225117
85.96,-1,1.58964561741657,-0.0915887390772252,3.85866212046831,-6.28595771483798,-0.164459215019357,-4.93774769022692,1.59331272740628,3.85551922648054
85.98,-1,1.57736517315331,0.0614212025679406,3.73518051207523,-5.50290694376561,-0.0119808032200677,-5.53793889913314,1.59156302668635,3.75063566698753
86,-1,1.59210246551929,0.415609563915292,3.63854584271768,-5.57312295590378,0.107041153825508,-6.03485493905805,1.59262096079609,3.63467932028086
86.02,-1,1.59398955570992,-0.392396684426494,3.51225559383907,-5.63664860065444,0.115712066365871,-6.34481204600364,1.59511303739551,3.51048291814841
86.04,-1,1.57640659814223,0.0576631429362984,3.41307989869151,-6.07695482411971,-0.0797477056123327,-6.3634451253205,1.59587327527393,3.38284351749274
86.06,-1,1.59629608142737,-0.720897514972946,3.26917740087429,-6.29300696823059,-0.504479786680079,-6.05398149016882,1.59035236636633,3.25817613306556
86.08,-1,1.54757069754331,-1.24914226343039,3.16135961996228,-5.8949232641986,-1.04303883731595,-5.52933885154321,1.57492261583324,3.1421347082943
86.1,-1,1.54633039089016,-0.801938468759672,3.03338047030634,-5.28629886841224,-1.53575461541944,-4.95951672067923,1.54896756492784,3.03727383512348
86.12,-1,1.51549315879292,-2.24494457625714,2.94990766522579,-4.39062923358061,-1.91210562586728,-4.42963152523874,1.51432269314529,2.94343564161424
86.14,-0.962152424170088,1.45653260783987,-2.0801791787673,2.85775530096312,-4.80274248893615,-2.17008901266445,-3.95327734834323,1.47328336505694,2.85971996142832
86.16,-0.734428453854493,1.43228599164223,-1.90857535088519,2.75779796566835,-3.67306521794903,-2.27720431157346,-3.56549554033076,1.42848696799479,2.78474832287493
86.18,-0.143008391014226,1.38018959380446,-2.32555269650538,2.71083269224516,-3.49455004835537,-2.1407254595904,-3.34468352071663,1.38381834332474,2.71598570416024
86.2,0.798278127991778,1.33926388378202,-0.774828562663843,2.61801596373413,-3.25251398687413,-1.68055114029827,-3.34258105613515,1.34503691163853,2.6494820346889
86.22,1.71682466715831,1.34919645129791,-1.10895443726199,2.58073213277019,-2.20221768793954,-1.00988253504944,-3.43999779093554,1.3179553241914,2.5816638550155
86.24,2.26639402622024,1.29490570629154,-0.805542458796299,2.52992725621655,-2.93398222830235,-0.292925232002866,-3.49000532789106,1.30498885541156,2.51217218884315
86.26,2.46788198996823,1.31697475294606,0.595415697277002,2.4633728436381,-4.61104991663845,0.314441502529728,-3.37779781412486,1.30546190130365,2.44318086450347
86.28,2.5,1.31872233418262,0.00506012204766204,2.34548525955101,-3.7746691718452,0.766783862050584,-3.0883660577287,1.31649658278425,2.37826710307028
86.3,2.5,1.31717715782796,1.14558909511167,2.31238607676429,-2.01678334148078,1.10958045992126,-2.67545178871675,1.33539855023584,2.32046782548556
86.32,2.5,1.36454589798708,2.10528765320119,2.26481392589178,-2.58966800784755,1.39109334439819,-2.18827062126066,1.36046863477417,2.27174313596891
86.34,2.45674562762296,1.40138866395601,1.6491785977753,2.20879935645039,-1.45174309936335,1.63481115676044,-1.65459798549963,1.39079102392458,2.23324252187555
86.36,2.19648966154799,1.43051304189809,1.52593076754162,2.20674420191725,-1.24371381069082,1.81608114376717,-1.07130486907248,1.42547992292276,2.20587048195012
86.38,1.52058101830197,1.46242589465768,1.66290820769796,2.15905080402275,-0.333168570087561,1.84670616079867,-0.397916575725424,1.46253575377107,2.19094032815721
86.4,0.444824996580825,1.49702937020601,0.576867393916985,2.19341745911374,1.60549722033332,1.61848263769816,0.41959051137311,1.49760937758048,2.19092190347933
86.42,-0.604942476752358,1.48550059041436,1.38708412757456,2.22327069283609,1.51667919194765,1.09254694503782,1.40124567284584,1.52509046680009,2.20892147904382
86.44,-1.23302174425171,1.552512735309,1.3290457132772,2.25408462679165,2.00481271580792,0.346919231107343,2.50664253099487,1.53981082264655,2.24781541726168
86.46,-1.45167437124217,1.53866241894544,-1.07861844781623,2.3034632014684,3.79026323312833,-0.495984296472271,3.66620568707743,1.53842723315308,2.30949371348187
86.48,-1.5,1.50936799739635,-0.0209915400009975,2.40569515611678,5.20708901365553,-1.39138882178805,4.8425179551184,1.51964369709331,2.39457520914328
86.5,-1.5,1.5378227573454,-2.22374518755928,2.51174676201463,5.25187311918163,-2.31816438600331,6.00575128343754,1.48258287417394,2.50310170400394
86.52,-1.5,1.42041818989398,-4.3706066786084,2.61577008088405,6.46365760093699,-3.26081462842878,7.12146784832018,1.42678185662949,2.63449475486178
86.54,-1.5,1.36299849020107,-3.70417892529263,2.77029306605211,8.34582102824788,-4.07690871142028,8.04459050343197,1.35293422579818,2.7867259263094
86.56,-1.5,1.27225103288227,-4.18217745885289,2.94960292201396,8.03312312695144,-4.40966757872745,8.43072826641697,1.26681090489069,2.95281744790664
86.58,-1.5,1.19571139184695,-3.68611938242278,3.09161799113016,7.64228759188414,-3.97272191902611,7.99241635410271,1.18184173784961,3.11830253288478
86.6,-1.5,1.12480625758536,-2.98759319094136,3.25529442568933,6.94229388283711,-3.09749798413743,7.03961260493429,1.11103788708108,3.26887549761537
86.62,-1.5,1.0762076642093,-2.47922056727531,3.36930974644365,6.37555259938435,-2.30942541972092,6.08219267318528,1.05731242381488,3.3999067836504
86.64,-1.5,1.02563743489435,-1.24450598664844,3.5103165296647,6.65802125660138,-1.75764018928681,5.2675361485977,1.0169730365498,3.51321596332914
86.66,-1.5,1.02642742474336,-1.95077697260154,3.6356305967077,4.34018513891529,-1.40072113468965,4.56114241714599,0.985670307535805,3.6113595250692
86.68,-1.5,0.947606355990285,-2.4461068804922,3.68392393522132,3.2333084231679,-1.17887156075628,3.91447026948762,0.960049970956575,3.69605278517484
86.7,-1.5,0.928583149523673,-0.636035366224391,3.76496293363442,3.46864199130903,-1.05054448344093,3.29726437033492,0.937893843186485,3.76813226172081
86.72,-1.5,0.922164941341309,-0.0604334279224295,3.82266961487368,2.25225573819173,-0.986971459753482,2.69246336242532,0.917606892177976,3.82801844999461
86.74,-1.49459320345287,0.926165812406775,-1.04434965833732,3.85505316316209,2.61958923187612,-0.968486685544854,2.09175589586235,0.898110248727801,3.87586005529493
86.76,-1.4620612076935,0.880390955007816,-1.61264205306708,3.92745318414872,2.1893637631881,-0.97521782906884,1.4880933897489,0.878699185872338,3.91166911443528
86.78,-1.37757262728775,0.861660130284092,-1.23724016371257,3.94262771368961,0.698251208016387,-0.983394508221417,0.872820330989187,0.859054692043373,3.93533220783099
86.8,-1.2431031245726,0.830901348459313,-1.25354450777296,3.95538323246938,0.221484930706684,-0.96844160100734,0.237550898114381,0.839507084724745,3.94645759028389
86.82,-1.12306127975985,0.811518349973174,-0.252142906044661,3.95148711091788,-0.559043163733119,-0.920569696623736,-0.416510978220837,0.82058475570812,3.94467692844966
86.84,-1.03337228196854,0.820815632217527,0.72024267234915,3.93302150592005,-1.38931804777447,-0.847420129540519,-1.0770489469706,0.802873867617957,3.92973868278701
86.86,-1.0045882871474,0.84032805686714,-0.962325274127129,3.8959143890069,-1.59483221845608,-0.76336890274143,-1.72730306383482,0.786753401907618,3.90166905688324
86.88,-1,0.782322621252442,-1.44147707306096,3.86922821718181,-2.15013582954221,-0.675779961923682,-2.35463423035064,0.772357121661921,3.8608030227866
86.9,-1,0.782668973944701,-0.316193096787454,3.80990895582521,-2.27780028638085,-0.587602536831471,-2.94884181520161,0.75972547323165,3.80770371972842
86.92,-1,0.769674897380944,-1.02962853191679,3.77811620572658,-3.33418850537228,-0.501103353127084,-3.49964518959557,0.748836171619924,3.74315090339148
86.94,-1,0.74148383266803,-1.08797042272394,3.67654141561032,-5.15006595465041,-0.430155310532432,-3.98584799897626,0.73958794345349,3.66814946882815
86.96,-1,0.726156080471986,-0.659195372035215,3.57211356754056,-3.90135014588862,-0.396432112255447,-4.37854450339202,0.731434625158005,3.58429236385516
86.98,-1,0.715116017786621,0.169756965293325,3.52048740977478,-4.42611912712784,-0.427599174137964,-4.642952314605,0.723312994415092,3.4938402930833
87,-1,0.732946359083719,0.447440265966867,3.39506880245545,-5.46977753121616,-0.556731019385852,-4.73899597260576,0.713638244652268,3.39972490113685
87.02,-1,0.733013628425296,-1.67142663629417,3.30169630852613,-4.73101899961171,-0.79432469681112,-4.65001531461908,0.700277031150982,3.30555205389778
87.04,-1,0.666089293631952,-2.08483612655445,3.20582804247098,-4.32389473870867,-1.10542990994595,-4.40914111417689,0.681366344908549,3.21474780237481
87.06,-1,0.649620183363118,-1.38722789622931,3.12874051897778,-3.60599087827291,-1.42722990373929,-4.08318060097064,0.655986302561714,3.12975818864435
87.08,-1,0.61060017778278,-2.55496870980392,3.06158840734006,-3.27470520789903,-1.71420578872602,-3.72577343286949,0.624508776263866,3.05163001764614
87.1,-1,0.547421434970961,-2.01364722254407,2.99775231066182,-4.69940778189706,-1.94659553417436,-3.36533560987026,0.587828865097919,2.98070345193446
87.12,-1,0.530054288881017,-2.34257666031673,2.87361209606418,-3.87620708052634,-2.12669360937608,-3.00756350466737,0.547017437964639,2.91697636036748
87.14,-1,0.453718368558292,-0.810488678884238,2.84270402744077,-1.95548317939529,-2.26472350668453,-2.64940318720858,0.503031450894508,2.86041284189204
87.16,-1,0.497634741725647,-2.22746793932918,2.79539276888837,-1.9135190084573,-2.37171565898294,-2.28637290049492,0.45663363146539,2.81103450205336
87.18,-1,0.364619650985125,-3.7353978764384,2.76616326710248,-1.76662152927999,-2.45485238526965,-1.91733102865668,0.40831971675247,2.76900003248929
87.2,-1,0.348218826668111,-1.90922959217403,2.72472790771717,-1.61198655453798,-2.52150294147093,-1.54097104555575,0.358539004815868,2.7343993506264
87.22,-1,0.288250467298164,-3.04930623769188,2.70168380492096,-0.61346674628,-2.57599111196889,-1.15878775757189,0.307550709142523,2.70738998769543
87.24,-1,0.226246577160436,-1.85215723446794,2.70018923786597,-0.663454584879231,-2.62187676375597,-0.773015601489602,0.255550913437821,2.68807750932822
87.26,-1,0.214164177919446,-1.54387670956807,2.67514562152579,-0.347537616422156,-2.66230273251407,-0.386241591728981,0.202701374570806,2.67648578282302
87.28,-1,0.164491508777713,-2.78781593350224,2.68628773320908,-0.167825015031875,-2.69901218402238,-0.0023080883745531,0.149082440753511,2.67260671370525
87.3,-1,0.102651540579356,-3.1513232645737,2.66843262092451,0.166808256425177,-2.73284965828674,0.374195892116927,0.09475704889193,2.67634392620232
87.32,-1,0.0384385781947652,-2.47158398304471,2.69296006346609,1.7299093745221,-2.76372079519648,0.738131845128321,0.0397870739221922,2.68749453240879
87.34,-1,0.00378818125756764,-1.97881554826708,2.7376289959054,0.902353606223039,-2.7901575370918,1.08343085097408,-0.0157812022003566,2.70576658431706
87.36,-1,-0.040714043735918,-3.04086760598804,2.72905420771501,0.72867212304053,-2.80908191308812,1.40280556293666,-0.0718474078746379,2.73073204175608
87.38,-1,-0.117846522981954,-3.40149967999573,2.76677588082702,1.51315644223856,-2.81751214305329,1.68937491223357,-0.128152098617107,2.76172908109666
87.4,-1,-0.176774030935747,-2.67912402344096,2.78958046540455,1.64963569362452,-2.81041507543903,1.93489797162467,-0.184410714326983,2.79800007503344
87.42,-1,-0.225011483919592,-3.63641476733147,2.832761308572,2.20982413497707,-2.78056662383192,2.12965411233343,-0.240321299759776,2.83870015416985
87.44,-1,-0.322230621629006,-3.02466773644982,2.87797343080363,1.97446931961685,-2.72224819146313,2.2657540609756,-0.295427992465479,2.88279576906359
87.46,-1,-0.345998193377585,-1.92767533644356,2.91174008135667,1.9882662001605,-2.63479913147544,2.34053316365599,-0.349056200543946,2.92897710411625
87.48,-1,-0.399337635086748,-3.07150096057194,2.95750407881005,3.08703329754246,-2.52037674372768,2.35476907343465,-0.400627456564461,2.97599916412883
87.5,-1,-0.468858231800463,-2.37322004501552,3.03522141325837,2.85267813983539,-2.3844388329482,2.31312691503968,-0.449687135683452,3.02273818212034
87.52,-1,-0.494266436887369,-1.82129926046838,3.07161120440347,1.66637956553308,-2.23596169924879,2.22438779166729,-0.495887408732834,3.06816806745672
87.54,-0.996045619900203,-0.541710202219198,-2.38789259962852,3.10187659587969,1.93607462161037,-2.08320598135164,2.0975235702803,-0.539090390914631,3.11145317067453
87.56,-0.962061207693499,-0.58978214087251,-2.00467760681937,3.14905418926788,1.83882900764678,-1.92244698686872,1.9306963214115,-0.579189869296705,3.15182811996381
87.58,-0.877572627287746,-0.621897306491973,-1.34212072667333,3.17542975618557,1.90814389399122,-1.73601997234033,1.70955006837344,-0.61586040220962,3.18835974729529
87.6,-0.757530782474996,-0.643466969939443,-1.1445711971566,3.22537994502753,2.16170470661096,-1.51125472221314,1.42566934456902,-0.648379882232116,3.21979595093196
87.62,-0.611882190405955,-0.667680154378237,-1.45433989918178,3.26189794445,1.01607143237138,-1.24146206928754,1.07774133881981,-0.675899600703686,3.24485409680042
87.64,-0.533372281968536,-0.701640565906714,-1.26522394410807,3.26602280232239,-0.126748883449912,-0.991457257529875,0.733598934604461,-0.698169107638567,3.26293036347437
87.66,-0.504588287147395,-0.718289112142559,-0.676737458044205,3.25682798911201,0.117019684066721,-0.801626590545851,0.437098120468102,-0.716003475515552,3.27455631358857
87.68,-0.5,-0.728710064228482,-0.130972213279021,3.27070358968506,0.900129443880671,-0.678300956014582,0.198717618301586,-0.730699448699527,3.28082182566563
87.7,-0.5,-0.72352800067372,-0.998614579352044,3.29283316686723,0.233855058710519,-0.605836991108281,0.00720749294375189,-0.743465695568178,3.28280982120297
87.72,-0.5,-0.768654647402564,-1.35580070570411,3.28005779203348,-0.675138316852497,-0.566347026280065,-0.151474601181068,-0.755142464311803,3.28131966272351
87.74,-0.5,-0.777760028901885,-0.581263578069907,3.26582763419313,0.162678672921968,-0.549108174401222,-0.28502404317387,-0.766264137411463,3.27691500039874
87.76,-0.5,-0.79190519052536,0.488418091973408,3.28656493895036,-0.199210205288192,-0.547347745289889,-0.397744428859248,-0.777206148596028,3.27005414949467
87.78,-0.5,-0.758223305222948,-0.677087540465551,3.25785922598161,-1.09199743668752,-0.556868435247456,-0.491831462763855,-0.788234528718517,3.26113051329778
87.8,-0.5,-0.818988692143983,-1.10700710069782,3.24288504148286,0.182753818147985,-0.575063269826942,-0.568285003377286,-0.799540900734844,3.25050041844304
87.82,-0.5,-0.802503589250861,-0.0432150966841155,3.26516937870753,-0.506373333744337,-0.599879693595424,-0.627874853090143,-0.811279135937257,3.23850977686255
87.84,-0.5,-0.820717296011347,-1.18595020548142,3.22263010813308,-1.66380126269686,-0.62965848072462,-0.671291490267503,-0.823570289673338,3.22549376354727
87.86,-0.5,-0.849941597470118,-0.753138182210322,3.19861732819965,-0.191716766047434,-0.663367752243412,-0.698921609353725,-0.836493408807472,3.21176489703445
87.88,-0.5,-0.85084282329976,-0.774708186205772,3.21496143749119,0.0236708223048887,-0.699679730938625,-0.711701926585268,-0.850119073384803,3.19763336230455
87.9,-0.5,-0.880929924918349,-0.392964939073237,3.19956416109185,-1.59838662531294,-0.737461885026334,-0.710646241253105,-0.864492342212577,3.18338908235941
87.92,-0.5,-0.86656142086269,-0.588526049363308,3.15102597247867,-0.63505679781507,-0.775972887348456,-0.696644441368963,-0.879626925375363,3.16929638488844
87.94,-0.5,-0.904470966892881,-0.857999715223745,3.17416188917924,-0.868330025187125,-0.8143325940785,-0.670923487612409,-0.89552727585429,3.15560048182867
87.96,-0.5,-0.900881409471639,-0.490432341116501,3.11629277147118,-1.0907623971415,-0.851586928747402,-0.634973247076054,-0.912187298865438,3.14252319524461
87.98,-0.5,-0.924088260537541,-0.983137122251881,3.13053139329358,0.421653278294121,-0.887198132489293,-0.590053506053129,-0.929575846801278,3.13025214351497
88,-0.5,-0.940206894361715,-1.72154758371704,3.13315890260295,-0.717465719949861,-0.920544279987934,-0.537661372593338,-0.947655301047831,3.11896014722207
88.02,-0.5,-0.992950163886223,-1.61759074943834,3.10183276449559,-1.25433063548744,-0.951151388607042,-0.47923986980266,-0.966378282801722,3.10878636109247
88.04,-0.5,-1.00491052433925,0.0387847093071353,3.08298567718345,0.222574615234672,-0.978754199593594,-0.416113108507238,-0.985686022822386,3.0998333997397
88.06,-0.5,-0.991398775513937,-0.281682491778901,3.11073574910498,-0.14841665925045,-1.00328487394941,-0.349476673071685,-1.00550997503035,3.09216985948661
88.08,-0.5,-1.0161778240104,-1.15237246968915,3.07704901081343,-0.763177463666942,-1.02449873140711,-0.280731661706675,-1.02578636959181,3.08585385702637
88.1,-0.5,-1.0374936743015,-1.09392378204342,3.0802086505583,-0.162797995202413,-1.04203085103796,-0.211454752230679,-1.04645230467297,3.08092415257141
88.12,-0.5,-1.05993477529214,-0.908867977236316,3.07053709100534,-0.17942301989563,-1.05576503115899,-0.142944131087604,-1.06743851982249,3.07738617668195
88.14,-0.5,-1.07384839339096,-1.44178654696946,3.07303172976247,0.693443961174045,-1.06584457900861,-0.0762038209497141,-1.08866932976534,3.07521185939131
88.16,-0.5,-1.11760623717092,-1.37884356786051,3.0982748494523,-0.683558364596903,-1.0726410398614,-0.0119727096553387,-1.11006375659329,3.07434122275348
88.18,-0.5,-1.12900213610538,-0.887013381963681,3.0456893951786,-0.892495350802547,-1.0760793655187,0.048629792671496,-1.13155843768277,3.07471643050743
88.2,-0.5,-1.15308677244947,-1.14264461354168,3.0625750354202,0.440505535146496,-1.07618477012221,0.104614139600396,-1.1530874517561,3.07625758560106
88.22,-0.5,-1.17470792064704,-1.03062674631257,3.06330961658446,0.259103109071435,-1.07315485360994,0.155261434854942,-1.17458485284537,3.07886464169172
88.24,-0.5,-1.19431184230197,-1.10094912353775,3.07293915978305,0.886636762867143,-1.06719359598254,0.199978323688031,-1.19599133553015,3.08242636743329
88.26,-0.5,-1.21874588558855,-0.470974475441494,3.09877508709914,0.013449723950909,-1.05849895528443,0.238301234619059,-1.21725581594123,3.08682575353459
88.28,-0.5,-1.21315082131963,-1.37531621386316,3.07347714874109,-0.105060562233661,-1.04736817459326,0.269936256873792,-1.23832821022426,3.09193427679601
88.3,-0.5,-1.27375853414308,-1.68581678960308,3.0945726646098,1.01693895152983,-1.03421866911355,0.294736879543251,-1.25915628931994,3.09760271998454
88.32,-0.5,-1.28058349290375,-0.908114144588507,3.11415470680228,0.382393521175972,-1.01944182143122,0.312676043277919,-1.27969838879136,3.10368831250929
88.34,-0.5,-1.31008309992662,-1.64151116730002,3.10986840545684,1.02306030584139,-1.00339879090327,0.323845788891162,-1.29992380389767,3.11005568346535
88.36,-0.5,-1.34624393959575,-1.42857597154264,3.15507711903594,-0.0971186706403282,-0.986420513657752,0.328457257359211,-1.31981278959404,3.1165768616338
88.38,-0.5,-1.36722613878833,-0.543216881680136,3.10598365863122,-0.571273187178101,-0.968807702593781,0.326840689821199,-1.33935656053174,3.1231312754817
88.4,-0.5,-1.36797261486296,-0.312145633415634,3.13222619154881,0.841098740841228,-0.95088535509363,0.319451616317696,-1.35855263242375,3.12960281838415
88.42,-0.5,-1.37971196412495,-1.533528185353,3.13962760826487,0.665870297759474,-0.933119975304529,0.306840435076735,-1.37739212867723,3.13587413733481
88.44,-0.5,-1.42931374227708,-0.748577268031791,3.15886100345919,0.960388264107137,-0.915838154945955,0.289572387615207,-1.39588068587607,3.14184527561209
88.46,-0.5,-1.40965505484622,-0.165032654983122,3.17804313882916,0.094162329371239,-0.899326415724212,0.268255797142228,-1.41403079878485,3.14742980656
88.48,-0.5,-1.4359150484764,-1.28841034674408,3.16262749663404,-0.170510806009094,-0.883838630381005,0.243534853053071,-1.43186053761741,3.15255300190583
88.5,-0.5,-1.46119146871599,-1.53470767333365,3.17122270658879,-0.578425116110903,-0.86959290181377,0.216073319410971,-1.44939266472439,3.15715292562218
88.52,-0.5,-1.49730335540975,-1.17204982416899,3.13949049198961,-0.0429325592101515,-0.856764150487613,0.186530854741462,-1.46665374742062,3.16118180098703
88.54,-0.480228099501016,-1.50807346168275,-0.452725730458869,3.16950540422039,1.36982652850168,-0.842144364242824,0.152357253691909,-1.48365951431435,3.1645910728363
88.56,-0.310306038467495,-1.5154123846281,0.170209655601383,3.19428355312967,0.908080671572087,-0.761483122001922,0.0527347439468002,-1.49990504078071,3.16684487481482
88.58,0.112136863561267,-1.50126507545869,-0.107088664145333,3.20582863108327,-0.196715815269588,-0.487497580514733,-0.231605984799172,-1.51283431139244,3.16547221849382
88.6,0.712346087625022,-1.51969593119392,0.141712204542016,3.18641492051889,-1.69451389678176,0.0970621043982442,-0.805920225879923,-1.51730289512313,3.15561580798926
88.62,1.44058904797022,-1.49559658727701,0.89580592520514,3.138048075212,-2.38292848284056,0.947469582068485,-1.61444518404566,-1.50713717007506,3.13163277297148
88.64,1.83313859015732,-1.48386369418571,1.40187887183839,3.09109778120527,-2.70685105556429,1.78057347968781,-2.3707233351229,-1.47955623859845,3.09142318738963
88.66,1.97705856426302,-1.43952143240347,2.43393870293169,3.02977403298943,-2.94001272127233,2.34822751936479,-2.82764907187123,-1.43778553796552,3.03889499304956
88.68,2,-1.38650614606844,2.62175754007371,2.97349727235437,-3.11944876474006,2.61599584869343,-2.95176953491194,-1.38765459250518,2.98056278774846
88.7,2,-1.33465113080053,2.1293385197369,2.90499608239983,-2.74743258313835,2.68357208792974,-2.84098759582283,-1.33447933681902,2.92238896562593
88.72,2,-1.30133260527897,0.896271161235856,2.86359996902884,-2.59132419837034,2.65858985803914,-2.60264444621758,-1.28092151096004,2.86776565100433
88.74,2.00540679654713,-1.29880028435109,2.2050600768811,2.80134311446501,-1.4156814882052,2.60567190290043,-2.301519283042,-1.22827194445741,2.81865965013487
88.76,2.0379387923065,-1.21313020220372,3.64092671036635,2.80697270950063,-1.92674733488921,2.56269729360129,-1.9777333721931,-1.17662636069551,2.7758538900669
88.78,2.12242737271225,-1.15316321593644,3.86400015267309,2.72427322106944,-2.98975231326256,2.55864347410824,-1.66236281484382,-1.1255039974725,2.73949454338997
88.8,2.2568968754274,-1.0585701960968,3.03642475698557,2.68738261697013,-0.521675425951573,2.61820135926698,-1.38211080817177,-1.07382684462778,2.70909926756261
88.82,2.37693872024015,-1.03170622565701,1.93580189622016,2.70340620403138,-0.126160082723026,2.73083971847124,-1.13250779544951,-1.02041140102179,2.68399662894685
88.84,2.46662771803146,-0.981138120247995,3.29093124582454,2.68233621366121,-1.28912814718202,2.86525947154357,-0.890891951659647,-0.964440052501711,2.66374344083729
88.86,2.49541171285261,-0.900068975824033,3.13389934220145,2.6518410781441,-1.39536284459394,2.99403574450938,-0.637932893696436,-0.905839553876671,2.64843944491826
88.88,2.5,-0.855782146559936,2.68836910595447,2.62652169987745,-0.556632423209524,3.10355613561439,-0.366182802293114,-0.844838884248902,2.63837364550321
88.9,2.5,-0.792534211585854,3.0545885177139,2.62957578121572,-0.0504428128389023,3.19592945127,-0.0813385396903457,-0.78183679818349,2.63389423697205
88.92,2.5,-0.73359860585138,3.7194348563577,2.6245039873639,0.345996099049473,3.27772308800147,0.207092127639828,-0.717077213239366,2.63514651377986
88.94,2.5,-0.643756817331546,3.7845801866719,2.6434156251777,1.28243445563746,3.35385968379218,0.491198878713115,-0.650748552554226,2.64213877639288
88.96,2.5,-0.582215398384504,2.98237119200779,2.67580136558939,-0.200367019333936,3.42719859684144,0.764815521820421,-0.582942064546662,2.65472587640357
88.98,2.5,-0.524461969651235,3.16262759082831,2.63540094440434,0.527985063809533,3.49929815212185,1.02292585295341,-0.513671914888041,2.67262984881129
89,2.5,-0.455710294751372,3.22502833744533,2.69692076814178,2.13207269269301,3.57179554307261,1.26083559373179,-0.442963445193703,2.69550636310312
89.02,2.5,-0.395460836153422,4.30410693433766,2.72068385211206,1.00556967279254,3.64631542207791,1.47417764569264,-0.370830532504068,2.72293917355916
89.04,2.5,-0.283546017377866,4.30064350999616,2.73714355505348,1.38850184251499,3.72234474879826,1.66067435807751,-0.29717011431565,2.75435282126526
89.06,2.5,-0.223435095753576,3.60078655184039,2.77622392581266,0.727913932269952,3.79989205334385,1.81818745908665,-0.221918634883107,2.7891631467521
89.08,2.5,-0.13951455530425,3.60911721673331,2.76626011234427,2.07622657017354,3.8800861125881,1.94425131704225,-0.145083411349625,2.82680831616045
89.1,2.5,-0.0790704070842432,3.45635483107649,2.8592729886196,3.33003629100606,3.96314094982078,2.03778352750929,-0.0666541733817478,2.86668214424901
89.12,2.5,-0.00126036206119048,4.45460882475477,2.89946156398452,2.13482840555337,4.04677330281281,2.10048790370456,0.0134459988714563,2.90811409454667
89.14,2.45133883107583,0.0991139459059475,3.98349213516898,2.94466612484174,2.66664750594486,4.11951678670757,2.14347078455944,0.0951388961917176,2.95057516433457
89.16,2.15855086924149,0.158079323345569,4.00417743479291,3.00612746422231,2.56295749004009,4.06961138182569,2.27406979189001,0.177426394494713,2.99442031892476
89.18,1.39815364558972,0.259281043297664,4.5861833369838,3.04718442444334,2.89847490319486,3.65904548712578,2.72070102129261,0.255562695720024,3.04360281356742
89.2,0.187928121153428,0.341526656824921,2.38566753678451,3.12206646035011,4.40309060445769,2.64720627339727,3.70785170702721,0.319687050126092,3.10694581867044
89.22,-0.993060286346403,0.354707744769044,0.40915329193256,3.22330804862165,4.84123978624502,1.188899430231,5.05944152623705,0.358366969372773,3.19445624881978
89.24,-1.69964946228317,0.357892788502223,0.534758494165039,3.31571605179991,6.33961688660233,-0.0850770941945885,6.12731620607546,0.368485790715018,3.30741031334259
89.26,-1.95870541567344,0.376098084535646,-0.268088171881918,3.47689272408574,6.33066543186974,-0.767900211186565,6.506759899178,0.358905442548781,3.43494983830278
89.28,-2,0.347169261626946,-1.24787548395005,3.5689426690747,4.77172719704029,-0.959683818608939,6.31415589555037,0.341059139173588,3.5638537014562
89.3,-2,0.326183065177644,-1.14142435631255,3.66776181196735,5.92944707094517,-0.948678896304896,5.84376978309293,0.321831287672229,3.68570327474086
89.32,-2,0.301512287374445,-1.11601345090927,3.8061205519125,5.93687880917594,-0.907455673820637,5.26798326949453,0.303289701583584,3.79692556246851
89.34,-1.97296601726435,0.281542527141273,-0.551259865871137,3.90523696433439,4.74645686497202,-0.894951617542074,4.64851446346922,0.285315650695036,3.89615162641158
89.36,-1.81030603846749,0.279461892739599,-0.23728829486271,3.99597882651138,3.84255728433505,-0.895870015411657,3.98618352226954,0.267399982944149,3.98258193023164
89.38,-1.38786313643873,0.272050995346765,-1.17134198188141,4.05893925570779,2.76818501853306,-0.852704841233499,3.25713695065569,0.249776086888869,4.0551511262297
89.4,-0.715515622863015,0.232608213464343,-1.00918413245202,4.10670622725271,2.55843991902036,-0.705501904353394,2.44316142496302,0.233982312458143,4.11229975723846
89.42,-0.0594109520297759,0.231683630048684,-0.571921198386834,4.16127685246861,0.906705601512559,-0.440328651023494,1.55512078783048,0.222368814323195,4.15237308084791
89.44,0.333138590157318,0.209731365528869,0.203611878438244,4.14297445131321,0.0801901752030432,-0.110228176238318,0.63370056492223,0.216831322430009,4.17426916627688
89.46,0.469796482026355,0.239828105186214,0.622921893743874,4.16448445947673,-0.0904369542642058,0.219444322638801,-0.281076380068332,0.217968319021121,4.17775587380504
89.48,0.5,0.234648241278624,-0.034777362645802,4.13935697314264,-0.530405260533784,0.526384695125911,-1.17372100062282,0.225420735360958,4.16318732892758
89.5,0.5,0.238437010680382,-0.304573106801001,4.14326824905538,-1.92264021011677,0.814786505942035,-2.04116923261815,0.238853337987189,4.1310005588134
89.52,0.5,0.222465317006584,1.13812123131824,4.06245136473797,-3.66048365243584,1.10903512977648,-2.88913773948875,0.25800174211076,4.08173019789361
89.54,0.492091239800406,0.283961859933111,3.35247172345098,3.99684890295794,-2.64665134853402,1.42834076884796,-3.722209582178,0.283278224767335,4.01564881937353
89.56,0.424122415386998,0.356564185944624,0.672845965427246,3.95658531079661,-3.91032824802486,1.77291673518121,-4.53235971346589,0.315377395802231,3.93295060294603
89.58,0.255145254575493,0.310875698550201,1.4542186529447,3.84043577303695,-5.46912666133246,2.10527924537428,-5.28080928476803,0.354254540464807,3.83462846758412
89.6,0.0150615649499912,0.414732932062412,2.67682331796903,3.73782024434331,-6.05284748482711,2.34964591139218,-5.89667067694847,0.399018237551841,3.72256093945778
89.62,-0.27623561918809,0.417948631268962,1.18173808319991,3.59832187364387,-5.7127709504301,2.38081522965807,-6.25764776203741,0.446784475738488,3.60048275894113
89.64,-0.433255436062927,0.462002455390408,2.71858026458418,3.50930940632611,-6.36484004149649,2.10130611383552,-6.25509383852782,0.492174512516016,3.47467969939178
89.66,-0.490823425705209,0.52669184185233,2.34654499436611,3.34372827198401,-6.44748034627847,1.5174528725251,-5.87393517340643,0.528778200681411,3.35283515298066
89.68,-0.5,0.555864255165052,1.77077917993546,3.25141019247497,-5.15693674230591,0.771814553387132,-5.24131256299363,0.551748399902838,3.24144929934611
89.7,-0.5,0.597523009049748,-0.0112747354737208,3.13745080229177,-4.92505109918456,0.0658075261594359,-4.55803336369519,0.559938853568934,3.14349930506402
89.72,-0.5,0.555413265746104,-1.61983409038494,3.05440814850759,-2.96317602080785,-0.489289512111426,-3.9463519279052,0.555427438451901,3.05861125697528
89.74,-0.5,0.53272964543435,-1.17770023368421,3.01892376145946,-2.92404998218334,-0.887512213021909,-3.42538245296505,0.541436022116832,2.98501810086697
89.76,-0.5,0.508305256398735,-0.466375806029609,2.93744614922025,-3.89350618271515,-1.16501228615947,-2.97009023815601,0.520730460245795,2.92115909383336
89.78,-0.5,0.514074613193166,-1.28466988223221,2.86318351415085,-3.17383912920641,-1.36060897285937,-2.55100829477029,0.495368935035638,2.86598465399518
89.8,-0.5,0.456918461109447,-2.73529737429973,2.810492584052,-2.09979014289581,-1.50062988183625,-2.14966054516037,0.466675043282699,2.81900202891115
89.82,-0.5,0.404662718221177,-0.830742783016458,2.77919190843502,-0.951369477707642,-1.60355995014338,-1.75482630462917,0.435589691760828,2.77995604635925
89.84,-0.5,0.423688749788789,-0.797146326744717,2.77243780494369,-1.53178525131066,-1.68043159984036,-1.36214984528629,0.402706494143537,2.7487945178465
89.86,-0.5,0.372776865151388,-1.40232184284733,2.71792049838259,-1.56598609842403,-1.73958669930996,-0.969827086790195,0.36848625655041,2.72547126255115
89.88,-0.5,0.367595876074895,-2.29030258675631,2.70979836100673,0.0163792425392995,-1.78603689504672,-0.579084582548777,0.333213713944172,2.70998497123215
89.9,-0.5,0.281164761681136,-2.80798084401731,2.71857566808416,0.645552733310917,-1.82334215938062,-0.192425279368323,0.297100736378337,2.70228542625209
89.92,-0.5,0.255276642314203,-2.53911484039257,2.73562047033916,-0.12675815299904,-1.85419906982996,0.1869539217979,0.260305132359346,2.70225606964872
89.94,-0.521627186188521,0.179600168065433,-2.17059402123601,2.7135053419642,0.303044442567801,-1.88238721183818,0.556899705559288,0.222960993121442,2.70969196182142
89.96,-0.630953499683751,0.168452881464763,-0.862559016788492,2.74774224804188,0.252684880401643,-1.94393015780786,0.943154401287032,0.184810884012061,2.72461984252649
89.98,-0.989709490849014,0.145097807393893,-1.92773729686172,2.72361273718027,0.162680774391899,-2.1201798153681,1.41020144359399,0.14444744040041,2.74794939606266
90,-1.52758750170959,0.0913433895902937,-2.35008269104944,2.75424947901755,3.63173878926111,-2.51172115898975,2.03826706974194,0.098555781008778,2.78211274661227
90.02,-2.05247123837618,0.0510944997519153,-3.20709111819373,2.86888228875071,3.67158190178928,-3.13246779362605,2.82910504738415,0.042347275423059,2.83065767369222
90.04,-2.3457092025836,-0.0369402551374553,-4.47344391209354,2.90111275508912,2.67966526536698,-3.83168066172864,3.63599088537176,-0.0273174434755393,2.89543131920543
90.06,-2.48164685141042,-0.127843256731826,-3.86936510603394,2.97606889936539,3.79617120952734,-4.36762039997897,4.2291335826293,-0.109741202715397,2.974595030176
90.08,-2.5,-0.191714859378813,-4.05299783505513,3.05295960347022,3.62435852101709,-4.60819549514547,4.48512977350259,-0.199973879250576,3.06228307858666
90.1,-2.5,-0.289963170134032,-4.59981687505042,3.12104324020607,4.58926963433033,-4.55562571477567,4.409376940094,-0.292041396168184,3.15171358822863
90.12,-2.5,-0.37570753438083,-3.93270925765063,3.23653038884343,5.17705830870354,-4.34350174140339,4.13205001886493,-0.381153370727457,3.23732478358757
90.14,-2.45133883107583,-0.447271540440057,-4.01314071632743,3.32812557255422,4.28209046590138,-4.07295797394612,3.75231131788398,-0.465418203443785,3.31633920481198
90.16,-2.15855086924149,-0.536233163033927,-4.0513789883241,3.40781400747949,2.39776710647363,-3.71649956139429,3.24622327320768,-0.543543286974799,3.3866147551284
90.18,-1.39815364558972,-0.609326699973021,-3.53360976434464,3.42403625681316,2.5471761119006,-3.12737275506611,2.48194797152102,-0.612539096703919,3.44447665181435
90.2,-0.187928121153428,-0.677577553607712,-1.69200689100385,3.50970105195551,1.9852041240228,-2.14638893388199,1.32337628990773,-0.665990933476228,3.48322907891922
90.22,0.993060286346404,-0.677006975613175,-0.0286989867598564,3.50344442177407,-0.336518511892736,-0.834528640718192,-0.155275878958361,-0.696161782492061,3.49525140658265
90.24,1.69964946228317,-0.678725513078107,0.261249455191512,3.4962403114798,-1.26879924688107,0.619391562378351,-1.75646743958948,-0.698397807393063,3.47617643781491
90.26,1.95870541567344,-0.666556997405514,2.36879513127632,3.45269245189883,-4.02590612346834,1.93589634716641,-3.19607436706818,-0.67238524296212,3.42614461588292
90.28,2,-0.583973707827054,2.93155180836175,3.33520406654107,-4.88884631499357,2.91817384390135,-4.26632566663686,-0.623173678290334,3.35078205810048
90.3,2,-0.549294925071044,2.89520574181694,3.25713859929909,-4.22947955958506,3.47042318068743,-4.86114207050084,-0.558573987657885,3.25870714843213
90.32,2,-0.468165478154376,3.56055196268262,3.16602488415766,-4.77348956998623,3.60040948408241,-4.98262338571556,-0.487211232679348,3.15953029303573
90.34,2,-0.406872846563739,3.25182079321678,3.06619901649964,-4.62028022552572,3.44206706167677,-4.75990784101144,-0.416524020681983,3.06173843819785
90.36,2,-0.338092646425705,3.6504787849893,2.98121367513664,-4.69634886577462,3.16227219705638,-4.35824019281884,-0.350331524875114,2.970318884157
90.38,2,-0.260853695164167,2.69051107953871,2.87834506186865,-4.23232993530627,2.88616994944609,-3.90081509596314,-0.2899095198079,2.88769263973485
90.4,2,-0.230472203244156,2.06193375316888,2.81192047772439,-3.34064478623685,2.65863647123911,-3.43524939247997,-0.23455119020533,2.81433162748044
90.42,2,-0.178376345037412,2.06472955905548,2.74471927041918,-2.39050851032202,2.48810539977341,-2.97461405563714,-0.183157453456291,2.75022964018926
90.44,2,-0.147883020881937,1.88373184381685,2.7163001373115,-2.14664207971136,2.36963826886738,-2.51997078325227,-0.134671631552037,2.69530123155331
90.46,2,-0.103027071284738,2.72848252040636,2.65885358723073,-2.97445378358787,2.2936091405895,-2.06903933930862,-0.0881026673389733,2.64941633243746
90.48,2,-0.0387437200656826,2.70191413372446,2.59732198596799,-1.91886051159555,2.25120728643107,-1.62054125573417,-0.0426862651849351,2.61251243506924
90.5,2,0.00504949406424002,2.54997642912365,2.5820991667669,-0.232635086747235,2.23553710483719,-1.17501012862739,0.0021321028645279,2.58456981872184
90.52,2,0.0632553370992636,1.69721923936563,2.5880165824981,-0.838362901224854,2.23981856373158,-0.733449408052676,0.0468430738395044,2.56550272544125
90.54,2,0.0729382636388654,1.74603109230977,2.54856465071791,-0.479430137384318,2.25846458860754,-0.297866594883668,0.0918111245761432,2.55519695369501
90.56,2,0.133096580791654,2.91882711924164,2.56883937700273,0.549002063531379,2.28763229782771,0.128447332719202,0.137257820054098,2.55352023654947
90.58,2,0.189691348408531,2.18091135592363,2.57052473325916,-0.506998844144213,2.32421855369066,0.541738240791426,0.183361138568739,2.56025182387159
90.6,2,0.2203330350286,2.00986579688885,2.54855942323696,0.336940271198838,2.366003192979,0.93779602248426,0.230252894816667,2.57508253970126
90.62,2,0.270085980284085,2.24007169741908,2.58400234410712,2.02365970172554,2.41217106161075,1.31152651018777,0.278016271294155,2.59762514591242
90.64,2,0.309935902925363,2.9314939619927,2.62950581130598,2.6773774388562,2.46284495718818,1.65719355400335,0.326751865114404,2.62736767886515
90.66,2,0.387345738763793,3.51369799354219,2.69109744166137,1.40222120009202,2.51928277417889,1.96852634600372,0.376572018914186,2.66368089621485
90.68,2,0.45048382266705,2.27877701941547,2.68559465930966,1.58793459583332,2.58397407130453,2.238681114204,0.427595692971493,2.70582369850367
90.7,2,0.478496819540412,1.97773311545403,2.7546148254947,2.78906958926853,2.66004096897766,2.46065918615348,0.479993919122004,2.75292428610366
90.72,2,0.529593147285212,2.97774737483539,2.7971574428804,2.3319736759513,2.74922358224953,2.62919140757339,0.534062120149501,2.80391517281548
90.74,2,0.597606714533827,3.37201908024903,2.84789377253275,3.17659621725492,2.85240806558615,2.74092790442025,0.590075323400869,2.85769265845474
90.76,2,0.664473910495173,2.66863234287981,2.9242212915706,3.109339707404,2.96910256851994,2.79502027327459,0.648282236035696,2.91313785395354
90.78,2,0.70435200824902,2.65493399047795,2.97226736082891,3.2848477835557,3.09458910730677,2.79594469406681,0.708926126400288,2.9691177119241
90.8,2,0.770671270114291,3.34317182411875,3.05561520291283,2.77795363955584,3.22334543031704,2.75033827397201,0.772097939680099,3.02465506652432
90.82,2,0.83807888121377,3.1435905749859,3.08338550641114,2.51067937034727,3.34805048480702,2.66766444676319,0.837808006076623,3.07890212213935
90.84,2,0.896414893113727,3.3034470754878,3.15604237772672,3.07718404495738,3.46461158337274,2.55505388249505,0.905862284142389,3.13126267165412
90.86,2,0.970216764233282,3.26112659074929,3.20647286820944,1.64402364296947,3.56801505015848,2.42067648769115,0.976127996811892,3.18113579784823
90.88,2,1.0268599567437,3.2776014966021,3.2218033234455,2.66008394391478,3.6552445908198,2.27075336320327,1.04844284676701,3.22801769798615
90.9,2,1.10132082409737,3.39014674765571,3.31287622596603,2.46495441811591,3.73070369043787,2.10424385085457,1.12243165976206,3.27168304999727
90.92,2,1.16246582664993,3.41551349054037,3.32040150017013,1.03881858854717,3.79984673621716,1.91897839477698,1.19773105236006,3.31196093783447
90.94,2,1.23794136371898,4.84881199352317,3.35442896950792,1.34127441953429,3.85980376041704,1.7207350687795,1.2743274912332,3.34839251143054
90.96,2,1.35641830639085,5.3935791033716,3.37405247695151,1.60387930737973,3.91184393067798,1.51130145003727,1.35208340365003,3.38070261929905
90.98,2,1.45368452785384,4.11913622001326,3.41858414180311,2.00806210946708,3.95900801281086,1.29075481443465,1.43080622329214,3.40873326053584
91,2,1.52118375519138,3.73543728382796,3.45437496133019,0.350855822160123,4.00192758595778,1.06150990086838,1.5104190225863,3.43227218542209
91.02,2,1.60310201920696,3.49584079096789,3.43261837468951,0.738397567775706,4.04111922628437,0.826121216370225,1.59085696608423,3.45115457352964
91.04,2,1.6610173868301,4.01967806573367,3.48391086404122,1.15286723599428,4.07729012826052,0.586927729129003,1.67204867590371,3.46528569516013
91.06,2,1.76388914183631,4.31393637832478,3.47873306412928,-0.448152853514872,4.11051493914215,0.34681194826441,1.75395211920356,3.47460391314027
91.08,2,1.83357484196309,3.33529324260791,3.46598474990062,0.0150508133575422,4.14107492643338,0.108469472336078,1.83649565546355,3.47913147896407
91.1,2,1.89730087154063,3.36362977726184,3.47933509666358,0.609998376447174,4.16900129712493,-0.125305513448242,1.91959777874193,3.47895644650451
91.12,2,1.96812003305356,4.90152698967608,3.49038468495851,-0.987793116944891,4.19344137571515,-0.351083067379375,2.00320002832309,3.47420123177938
91.14,2,2.09336195112767,5.21067703032258,3.43982337198579,-0.893866136515475,4.21267998621024,-0.564817423961062,2.08726405639635,3.46502430012575
91.16,2,2.17654711426647,4.73172462419623,3.45463003949789,-0.15927969085624,4.22530199311846,-0.762946596414977,2.17168241671045,3.45169141004619
91.18,2,2.28263093609552,3.85664570848961,3.43345218435154,-0.452024512007054,4.23071125953212,-0.942926092004227,2.25626548438729,3.43459101554045
91.2,2,2.33081294260605,4.10765630480536,3.43654905901761,-1.69420640901211,4.22743589932595,-1.10165765038553,2.34083917419857,3.41413072374818
91.22,2,2.44693718828773,4.44795665127151,3.36568392799106,-2.01542295381071,4.21304056973156,-1.23540661882199,2.42524765978601,3.390731426341
91.24,2,2.50873120865691,3.8620740758588,3.35593214086518,-0.725096460404628,4.18645685004734,-1.34197696867492,2.50926222661626,3.36490934865071
91.26,2,2.60142015132208,4.34090402318307,3.33668006957487,-1.69512258867235,4.14758588274848,-1.42032840311166,2.59262030070701,3.33724081127
91.28,2,2.68236736958424,2.80305473288625,3.28812723731829,-1.63290553948516,4.09683897342032,-1.4701260631904,2.67508455658645,3.30829031058483
91.3,2,2.71354234063753,4.54107689382558,3.27136384799546,-0.887850406405211,4.03566423324451,-1.4922297242435,2.75642750935429,3.27862087266949
91.32,2,2.86401044533726,5.3110799461923,3.25261322106208,-0.726604670843645,3.96618575495843,-1.48836567354413,2.83645786641685,3.24877340635648
91.34,1.95133883107583,2.92598553848523,2.4230685306421,3.24229966116172,-1.90203497078723,3.88529636992373,-1.45545908964643,2.91503447269497,3.21924597231768
91.36,1.65855086924149,2.96093318656294,3.58686534714987,3.17653182223059,-2.44743727694452,3.66816307313645,-1.2750120343747,2.99094117745842,3.19155855364694
91.38,0.898153645589719,3.06946015237122,4.17839673494778,3.14440217008394,-0.301003985044834,3.10121118611397,-0.746639926813336,3.05943881166411,3.17055696430901
91.4,-0.312071878846573,3.12806905596085,2.41325127887552,3.16449166282879,1.13243913100975,1.96587741012489,0.32811349168689,3.11109061425867,3.16544314508472
91.42,-1.4930602863464,3.16599020352624,0.587425088015037,3.18969973532433,0.902232131881986,0.382707013936034,1.81162354880323,3.13496372972441,3.18652715232408
91.44,-2.19964946228317,3.15156605948146,-2.15788185442838,3.20058094810407,3.06204149906194,-1.14359585569718,3.19129409028775,3.12681250991253,3.23718011311719
91.46,-2.44563366764744,3.07967492934911,-2.68337725459928,3.3121813952868,5.02678744895864,-2.1619631603514,4.0178886032469,3.09272982935313,3.31036923715567
91.48,-2.5,3.04423096929748,-2.54816062081646,3.40165244606242,5.08007881288038,-2.6358879240261,4.25838463819327,3.04401263067941,3.39394198625848
91.5,-2.5,2.97774850451645,-2.93234424906035,3.51538454780202,4.15068793434977,-2.77245318697722,4.11971950569188,2.98954711059608,3.47817598458361
91.52,-2.5,2.92693719933507,-1.43164340940388,3.56767996343641,3.25961869527729,-2.77110140929851,3.79719988838848,2.9340000270581,3.55753799688291
91.54,-2.49209123980041,2.92048276814029,-2.37306635713899,3.64576929561311,2.6442540198037,-2.73285322402901,3.39098040073658,2.87893442898021,3.62952023235045
91.56,-2.424122415387,2.83201454504951,-3.8592152465264,3.67345012422856,2.59451076852008,-2.68440796004743,2.93217312907566,2.8247406273432,3.69283642506799
91.58,-2.25514525457549,2.76611415827924,-2.8095454442547,3.74954972635391,3.00637300953626,-2.61264445217156,2.41810876313013,2.77170756346453,3.74644404678866
91.6,-2.01506156494999,2.71963272727932,-2.57007638228856,3.79370504461001,1.60120829252652,-2.49767346519521,1.84143007636545,2.72053028018932,3.78914172906802
91.62,-1.72376438081191,2.66331110298769,-1.89301734627476,3.81359805805498,1.35112871519478,-2.32910149128832,1.2028909425664,2.67217414962865,3.81967613873981
91.64,-1.56674456393707,2.64391203342833,-2.29424738441248,3.8477501932178,0.0622892554030252,-2.14382911336762,0.538658413565728,2.62749081463823,3.83707621005914
91.66,-1.50917657429479,2.5715412076112,-2.25623605229487,3.8160896282711,-0.281568757336492,-1.98248978140569,-0.112802843064399,2.58628223190905,3.84129955684828
91.68,-1.5,2.55366259133654,-1.33890401398501,3.83648744292434,0.479283062614455,-1.85851433682378,-0.733209609205518,2.54790405942706,3.83279945179852
91.7,-1.5,2.51798504705179,-1.16298918518912,3.83526095077567,-1.34474543359203,-1.76728619019991,-1.3175280912719,2.5116921779423,3.81222707871932
91.72,-1.5,2.50714302392897,-2.09211933795586,3.78269762558066,-2.49523518338935,-1.6960357704557,-1.8667854539481,2.4771097280437,3.78030337522749
91.74,-1.46755922071722,2.43430027353356,-2.48140635733117,3.7354515434401,-2.43137084109989,-1.63761701421845,-2.37789372414866,2.44374552699997,3.73782658260709
91.76,-1.27236724616099,2.40788676963573,-0.99287844098116,3.68544279193666,-3.15906257909391,-1.54347730401543,-2.88259353533401,2.41181285071775,3.68525609279596
91.78,-0.765435763726479,2.39458513589431,-1.16344572397649,3.60908904027634,-3.82463288721215,-1.29667841402763,-3.47359182101349,2.38301297595297,3.62195954601415
91.8,0.0413812525643816,2.36134894067667,-1.47451120890384,3.53245747644818,-3.7777496219825,-0.722683665439986,-4.30238100897068,2.36218681230367,3.54467668843299
91.82,0.761632321440887,2.33560468753816,0.781139372392836,3.45797905539704,-5.93051695682801,0.228336633996162,-5.41533580974244,2.35673701372434,3.44786097228038
91.84,1.29976630818878,2.39259451557238,1.47562253323416,3.29523679817506,-7.14374395277101,1.33343165465017,-6.59616049338636,2.37255424993198,3.32741315814105
91.86,1.47247027711563,2.39462958886753,0.790774676349193,3.1722292972862,-6.16560506910005,2.06588132795917,-7.32085254486134,2.40759244654068,3.18705306561418
91.88,1.5,2.42422550262635,2.62601290732336,3.04861259541105,-7.59399288272301,2.11499674371733,-7.271982356631,2.4504206028363,3.03994633239975
91.9,1.5,2.49967010516046,2.0374572079321,2.86846958197728,-6.77725847006058,1.75196669120217,-6.71825776670546,2.4894296371618,2.89955371790754
91.92,1.5,2.50572379094363,1.19994738933701,2.77752225660863,-5.19860205800369,1.35145768116341,-6.03395398465681,2.52035683530106,2.77198568488636
91.94,1.5,2.54766800073394,1.16991276387014,2.66052549965714,-4.97349662320002,1.04604489234394,-5.35551541252349,2.54415468954242,2.65812653489922
91.96,1.5,2.55252030149844,0.267622582481919,2.57858239168063,-3.87660221757118,0.845324133594168,-4.69961890424072,2.56290469561471,2.5576085472597
91.98,1.5,2.55837290403322,0.843103249102073,2.50546141095429,-4.68832516096356,0.730572127367122,-4.05705780814039,2.57854283830185,2.47005230062652
92,1.5,2.58624443146252,1.58133828666497,2.39104938524209,-4.58788518679896,0.681797525804435,-3.41827798846316,2.59257476419923,2.3952983298031
92.02,1.5,2.62162643549982,0.981269014845199,2.32194600348233,-2.61046868843583,0.682503720580311,-2.77778651268693,2.60613699110257,2.33333748455754
92.04,1.5,2.62549519205633,0.530159718170886,2.28663063770466,-1.87076800439607,0.718577232377718,-2.13319748640617,2.6201042771291,2.28421729961698
92.06,1.5,2.64283282422665,0.779152316879927,2.24711528330649,-1.96120951491515,0.778522526797665,-1.48468994240139,2.6350436530306,2.24803359888265
92.08,1.5,2.65666128473152,0.411620580349537,2.20818225710805,-1.10334772268758,0.851967068167872,-0.833752323431326,2.6513295162831,2.22484929139065
92.1,1.5,2.65929764744063,0.148329661159674,2.20298137439899,-0.136727700706285,0.929605187158551,-0.18280664750778,2.66915563723268,2.21467872570442
92.12,1.5,2.66259447117791,1.72752719453222,2.2027131490798,1.00371255923537,1.00346987861661,0.464952384325281,2.68850314407659,2.21750333636528
92.14,1.5,2.72839873522192,2.17396550351493,2.2431298767684,1.65736124102897,1.06695277502353,1.10583495621596,2.70922125366088,2.23323137400752
92.16,1.5,2.74955309131851,0.594472916301092,2.26900759872096,0.843370515232378,1.11479121628867,1.73584119823822,2.73106182757675,2.26167674224194
92.18,1.5,2.75217765187397,0.564695069810739,2.27686469737769,2.25241960796614,1.14357391567359,2.35020407257481,2.75370496963928,2.30254057694254
92.2,1.5,2.77214089411094,0.371913074844732,2.3591043830396,4.3021574242214,1.15213436872934,2.9432469262567,2.77670462301029,2.35550342816459
92.22,1.5,2.76705417486776,1.53166531913898,2.44895099434655,2.74221073011736,1.14342788233833,3.50591576947438,2.79965733217071,2.42008054082967
92.24,1.5,2.8334075068765,1.98050470496448,2.4687928122443,3.98783215931516,1.12599652945761,4.02403860618474,2.82234188870559,2.49548662023276
92.26,1.5,2.84627436306633,1.4564661452579,2.60846428071916,4.65591619190574,1.11410126119281,4.47817767164789,2.84472182343742,2.58063405654661
92.28,1.5,2.89166615268681,0.514840296113506,2.65502945992053,4.27973953272373,1.13286318855303,4.83769221521902,2.86710773613605,2.67398871085698
92.3,1.5,2.86686797491088,0.747817689508956,2.77965386202811,5.41080543347127,1.21705041153808,5.06114064011204,2.89047274304808,2.77323457829747
92.32,1.5,2.92157886026717,2.44870706572311,2.87146167725938,4.94549652178156,1.39973151974621,5.10826794485069,2.91642599252149,2.87528031390162
92.34,1.47837281381148,2.9648162575398,0.816765565591271,2.97747372289937,4.76222533171792,1.6772053837552,4.97665602780112,2.94711248266058,2.97635399296106
92.36,1.348244830774,2.95424948289082,2.20607766577943,3.06195069052809,4.41258075944824,1.96675529538125,4.74732068999927,2.9836156192721,3.07366950136075
92.38,1.01029050915099,3.05305936417098,3.20819520045078,3.1539769532773,5.41960624677463,2.08425170446109,4.60510640823404,3.02454886637425,3.16691341800294
92.4,0.472412498290412,3.08257729090885,1.2205770046338,3.27873494039908,5.43477235067128,1.90943792332283,4.66838750966743,3.0649809153002,3.2592997214925
92.42,-0.0524712383761793,3.10188244435633,1.42640276052705,3.37136784730415,4.43808869175059,1.54411679454434,4.83084760468433,3.09965642759109,3.35430512803689
92.44,-0.366510872125855,3.13963340132994,1.82646409037026,3.4562584880691,4.68623738637875,1.2021380361519,4.88109341204259,3.12694833186343,3.45173885188916
92.46,-0.475837185621084,3.17494100797114,0.227147106889258,3.5588173427593,5.00554941710548,1.00276281265025,4.7121916251211,3.14875479475738,3.54803013118203
92.48,-0.5,3.14871928560551,0.102352499274838,3.65648046475332,4.47291459740667,0.924338944153143,4.35833216706054,3.16789629926521,3.63896801565081
92.5,-0.5,3.17903510794213,2.07620669369857,3.73773392665557,2.74057934140866,0.900970751317297,3.89328371441885,3.18608946761144,3.72162905147652
92.52,-0.5,3.23176755335345,1.69011850909564,3.76610363840967,2.92895937907229,0.887782461698615,3.36742958208341,3.20398224728797,3.79431069694223
92.54,-0.5,3.24663984830596,0.411042148618812,3.85489230181846,4.05649638191592,0.867433512906824,2.80503367988585,3.22154980081316,3.8560853764977
92.56,-0.5,3.2482092392982,0.747677894228693,3.9283634936863,1.73675354021846,0.835828467144163,2.21833569774559,3.23860105293441,3.9063531756289
92.58,-0.5,3.27654696407511,0.909026010088765,3.9243624434272,1.32974362616336,0.79490421235178,1.61454182504384,3.25492009285717,3.94470700723365
92.6,-0.5,3.28457027970175,0.176643491994044,3.98155323873284,1.47420727586245,0.748933969766562,0.99910870306429,3.27036228817692,3.97085781416824
92.62,-0.5,3.28361270375487,0.55940520825225,3.98333073446169,0.100993913419256,0.703432618783813,0.376546220480932,3.2848788174358,3.98462374961582
92.64,-0.5,3.30694648803184,0.994737066072882,3.98559299526961,-0.393381086547551,0.664258872332476,-0.248936148407689,3.2985369385322,3.98590564067428
92.66,-0.5,3.32340218639778,0.501870759611123,3.96759549099979,-0.823531547350764,0.636809751260275,-0.872965545417664,3.31152634564579,3.9746788700391
92.68,-0.5,3.32702131841629,0.250410644984411,3.95265173337558,-1.16599182854479,0.625667533822342,-1.49099829607073,3.32412343414734,3.95102090806446
92.7,-0.5,3.33341861219716,0.20786059899971,3.920955817858,-2.11213438677212,0.634142066224952,-2.09795334515236,3.33667847567425,3.91511665366964
92.72,-0.5,3.33533574237627,0.99524424131564,3.86816635790469,-2.84282495312783,0.663110803224646,-2.68721114386016,3.34962038898457,3.86722788775211
92.74,-0.5,3.37322838184979,1.24937571193054,3.80724281973289,-3.59994420217479,0.709009597463149,-3.24858326813204,3.3633281672516,3.80780365545745
92.76,-0.5,3.3853107708535,-0.015022309104995,3.7241685898177,-3.72694520405482,0.762452505798168,-3.7669913948152,3.37803914847257,3.73756144191559
92.78,-0.5,3.37262748948559,1.07267920610807,3.65816501157069,-3.83200196670349,0.805134760051784,-4.21915509643141,3.39376047311,3.6575579695018
92.8,-0.5,3.42821793909782,1.07620283497227,3.57088851114956,-4.47517607747318,0.806178628095016,-4.56935017923117,3.40997229220198,3.56946949043864
92.82,-0.5,3.41567560288448,0.512022156685521,3.47915796847177,-5.14944188185882,0.725170302322748,-4.77198788588948,3.42547738886329,3.47574875506373
92.84,-0.5,3.44869882536524,0.429344503793283,3.36491083587521,-4.65326126044338,0.528077552093515,-4.7869490061217,3.43821622546261,3.37982803763534
92.86,-0.5,3.43284938303621,-0.392258120031896,3.29302751805403,-3.7976897461834,0.217947877820756,-4.6122700911819,3.44581438137359,3.28557055284456
92.88,-0.5,3.43300850056396,-0.185267710913439,3.21300324602787,-4.38544406289845,-0.155806471897893,-4.29637462357403,3.44647570270376,3.19631651425069
92.9,-0.5,3.42543867459967,0.0834695079924619,3.1176097555381,-3.85506379038777,-0.523183146200744,-3.91365500597762,3.43962943591517,3.1141570011953
92.92,-0.5,3.43634728088366,-0.110451630124353,3.05880069441236,-3.57142201089857,-0.837862079738054,-3.51826179068372,3.42591302376144,3.03984204703552
92.94,-0.489186406905739,3.4210206093947,-1.23846614466255,2.97475287510215,-3.44717241851069,-1.08423388443214,-3.13417193268883,3.40658467306887,2.97333759645446
92.96,-0.434523250158124,3.38680863509716,-0.997754665632522,2.92091379767193,-2.61584084956579,-1.25668966886071,-2.77404804339141,3.38301758178398,2.91433227140797
92.98,-0.255145254575493,3.3811104227694,-1.11188241593522,2.87011924111952,-2.19218261543346,-1.31114888231724,-2.48370510641948,3.35710115461743,2.86191189158645
93,0.0137937508547938,3.34233333845975,-2.42994021137131,2.8332264930546,-2.88013493029142,-1.23028487706306,-2.2796888876059,3.33147959559673,2.81440368530293
93.02,0.27623561918809,3.28391281431454,-1.70278825494187,2.75491384390786,-2.99274161469271,-1.04701455800039,-2.13036337276522,3.30861227672838,2.77032384125048
93.04,0.433255436062927,3.27422180826208,0.322068430705458,2.71351682846689,-1.65793032638778,-0.841585830897931,-1.96336766834842,3.28976207166481,2.72929608981564
93.06,0.490823425705209,3.29679555154276,-0.65262030186507,2.68859663085235,-1.00284691631229,-0.676955231782863,-1.72676592157699,3.27465044804942,2.69227752620263
93.08,0.5,3.24811699618747,-1.58079713335284,2.6734029518144,-1.63761387546308,-0.567379220556923,-1.4152780969626,3.26228157847995,2.66075260721307
93.1,0.5,3.23356366620865,0.373221322986272,2.62309207583383,-1.75401112351848,-0.498589919383104,-1.0488899260687,3.25168085463159,2.63603432443616
93.12,0.5,3.26304584910693,-0.326432416924971,2.60324250687366,0.169546111024765,-0.452826777945993,-0.650028081896801,3.2421861674239,2.61901179977031
93.14,0.5,3.22050636953165,-1.11111608043728,2.62987392027482,0.81501615517271,-0.420350056041716,-0.233898313281087,3.23347341160965,2.61015203864961
93.16,0.5,3.21860120588943,-0.161031197976025,2.63584315308057,-0.528744693289185,-0.396017699400775,0.188515218365624,3.22532672150082,2.6096912949175
93.18,0.5,3.21406512161261,-1.17793915580719,2.60872413254325,-0.0218653484351905,-0.376944119231677,0.608345998363496,3.21759983503064,2.61767405705086
93.2,0.5,3.17148363965715,-0.696180179246686,2.63496853914316,1.02567971226876,-0.361050530820037,1.01745084482968,3.21022543457177,2.63395519545328
93.22,0.5,3.18621791444274,0.383969518308547,2.649751321034,1.40512081767397,-0.345536157448836,1.40729915136398,3.20315660427832,2.65824339674855
93.24,0.5,3.18684242038949,0.944068228575545,2.69117337185012,1.6921457574953,-0.32647363350279,1.76851937917588,3.19641005448344,2.69007206835162
93.26,0.5,3.22398064358576,-0.365353073082386,2.71743715133381,2.40980715170662,-0.298973550850905,2.09096113439503,3.19013813627043,2.72873877474765
93.28,0.5,3.17222829746619,-0.571007595311313,2.78756565791838,3.38438039149744,-0.256188481338958,2.36310887340032,3.1845723163385,2.77335833627164
93.3,0.5,3.20114033977331,0.849270543197711,2.85281236699371,2.25913353881874,-0.190233690392125,2.57291986678668,3.1800639609768,2.82283161621569
93.32,0.5,3.2061991191941,-0.55186809164216,2.87793099947113,1.85946503665775,-0.095480930272283,2.71101798740099,3.17715598455362,2.87579586637082
93.34,0.467559220717218,3.17906561610762,-0.075947426925016,2.92719096846002,1.53706066118834,0.0254961115627907,2.77684239588884,3.1764398399323,2.93077095448122
93.36,0.272367246160994,3.2031612221171,-0.317310997366982,2.93941342591866,3.36701159229235,0.0961795852075353,2.84096512432369,3.17784447608174,2.98685381431051
93.38,-0.234564236273521,3.16637317621294,-0.682317229791174,3.06187143215172,4.32878152574937,-0.0567253131148856,3.06730338958239,3.17881553148305,3.04547319081163
93.4,-1.04138125256438,3.17586853292545,-0.519630736884258,3.11256468694864,3.93006354170254,-0.598002273187084,3.60929184918276,3.17294406858083,3.11169274991531
93.42,-1.82870685756427,3.14558794673757,-0.989097279986451,3.21907397381982,3.77735931617885,-1.42670251639001,4.3587772694532,3.15286462284484,3.19133715277671
93.44,-2.29976630818878,3.136304641726,-1.75953344987063,3.26365905959579,4.58176606301656,-2.16702768524663,4.94212751325862,3.11648847120397,3.28491118478298
93.46,-2.46375577843163,3.07520660874275,-2.76387487069374,3.40234461634048,5.34158647816437,-2.54663401922067,5.0986331652085,3.06871466381566,3.38605615719288
93.48,-2.5,3.02574964689825,-2.66047714332361,3.47732251872237,4.03131893012272,-2.62934650198648,4.89935643601961,3.01662065252674,3.48647063014415
93.5,-2.5,2.9687875230098,-2.77813732367251,3.56359737354539,4.71489943782424,-2.57829104798381,4.50911170286881,2.96441557242182,3.58077493162845
93.52,-2.5,2.91462415395135,-3.23215365067262,3.66591849623534,5.49434686648215,-2.5052643986688,4.03850051384326,2.91360072536905,3.66632926331395
93.54,-2.5,2.8395013769829,-2.41064099487246,3.78337124820467,3.19621647321288,-2.45392884529524,3.5338974308017,2.8640540738486,3.74209422678952
93.56,-2.5,2.81819851415645,-1.6275313545201,3.79376715516385,0.95588776423372,-2.4359616167614,3.01234930189972,2.81521142337755,3.80757875100518
93.58,-2.5,2.7744001228021,-3.16687803554605,3.82160675877402,2.81053397054825,-2.45050393197252,2.48053447718335,2.7663964347753,3.86252174879195
93.6,-2.5,2.69152339273461,-3.12362683648612,3.90618851398578,2.39649370264063,-2.49275408215055,1.9422804427817,2.71700557026606,3.90675738015764
93.62,-2.5,2.64945504934265,-2.51497067629203,3.91746650687965,1.12671555491574,-2.55596422857357,1.40023450220279,2.66651891388984,3.94020705508311
93.64,-2.5,2.59092456568292,-2.37070589064914,3.95125713618241,1.66393809307729,-2.63380326027588,0.857681656595945,2.61461605653637,3.96280263389041
93.66,-2.5,2.55462681371668,-2.13883608089199,3.98402403060274,1.14198133158313,-2.72053082505967,0.318292713120819,2.56109017023041,3.97454957142128
93.68,-2.5,2.50537112244724,-2.58173520249136,3.99693638944574,-0.216285096531565,-2.81095572398278,-0.214005779418223,2.5058071027282,3.97555526484216
93.7,-2.5,2.45135740561703,-2.59934601485354,3.97537262674148,-0.365449124092943,-2.90043844631621,-0.735031148250351,2.44870544844526,3.96602902216181
93.72,-2.5,2.4013972818531,-3.12638017290319,3.98231842448202,-1.84495801302702,-2.98574358565341,-1.24010816833014,2.38982701965906,3.94625787030573
93.74,-2.5,2.3263021987009,-3.44137466475926,3.9015743062204,-2.27698459354946,-3.0657278692187,-1.72358547233103,2.32930365291225,3.91658750254753
93.76,-2.5,2.26374229526273,-3.36593480622394,3.89123904074004,-1.84294570742476,-3.14061529414132,-2.17904969015392,2.26724232131263,3.87750364408467
93.78,-2.5,2.19166480645195,-3.03177641837483,3.82785647792341,-3.08952837771345,-3.21213380619176,-2.59936045794337,2.20371458105692,3.82964472436403
93.8,-2.5,2.14247123852774,-3.13015535324833,3.7676579056315,-3.31241476676221,-3.28351537353807,-2.97665035690349,2.13875657449852,3.7738018711644
93.82,-2.5,2.06645859232201,-3.36089532392894,3.69535988725292,-2.45515995116862,-3.36011592630715,-3.30157570024611,2.07235206240258,3.7109064855177
93.84,-2.5,2.00803542557058,-4.5511970663936,3.66945150758476,-3.36261644338686,-3.44863199173904,-3.56344474013706,2.00429663198349,3.64213764457506
93.86,-2.5,1.88441070966627,-4.81474429932484,3.56085522951744,-4.75750059326653,-3.55509433046869,-3.75285066625733,1.93427627377272,3.5688632896195
93.88,-2.5,1.81544565359759,-2.63392995457519,3.4791514838541,-4.35392606331287,-3.68464993170335,-3.86217332400679,1.86191845644291,3.4925738225071
93.9,-2.5,1.77905351148326,-2.20791798923107,3.38669818698493,-4.00122999873467,-3.83625850133928,-3.89114877736709,1.78674779856699,3.41490125997623
93.92,-2.5,1.72712893402835,-3.24137826502889,3.31910228390471,-2.81193279344025,-4.00105987969883,-3.84942332127951,1.70837243424333,3.33740760362491
93.94,-2.49459320345287,1.6493983808821,-5.31424296284564,3.27422087524732,-2.75591317220995,-4.16222792223087,-3.75680945361174,1.6267154968129,3.26128390055554
93.96,-2.46726162507906,1.51455921551452,-4.44008290221967,3.20886575701631,-3.34458246140666,-4.2953517780978,-3.64235507861636,1.54208090760344,3.18727220901329
93.98,-2.37757262728775,1.47179506479332,-3.79398563840408,3.14043757679105,-4.13212577285174,-4.36253816859087,-3.54767493966118,1.45538098135409,3.11541700999294
94,-2.2431031245726,1.36279978997836,-4.30735675439145,3.04358072610224,-4.42035590905535,-4.34540424400319,-3.49280028423847,1.36813998701488,3.04510029435962
94.02,-2.11188219040596,1.29950079461766,-4.58487641540622,2.96362334042884,-3.46826684885239,-4.26943399013132,-3.45219991346565,1.2820675481093,2.97550354044905
94.04,-2.03337228196854,1.17940473336211,-4.65826467544617,2.90485005214815,-3.21305124117518,-4.18619522963949,-3.3747503210274,1.19747108927122,2.90720183484742
94.06,-2.0045882871474,1.11317020759981,-3.62114308271094,2.83510129078183,-2.75762421357237,-4.13955336909723,-3.22016710409797,1.11422358202884,2.8411757202301
94.08,-2,1.03455901005367,-4.56731089471531,2.79454508360525,-3.25287752375922,-4.13072288751052,-2.99145111600431,1.0315609268667,2.77896138571847
94.1,-2,0.930477771811201,-4.85144018820432,2.70498618983146,-3.50256523509231,-4.14589050041474,-2.70663041877704,0.948836059104832,2.72189043896689
94.12,-2,0.840501402525497,-3.55271737822321,2.65444247420156,-1.45731570295873,-4.17067523747677,-2.38398685522292,0.865663087242284,2.67094551522675
94.14,-2,0.788369076682273,-3.65944858843333,2.64669356171311,-2.15117832053631,-4.19992352619595,-2.0330445886843,0.78196114360951,2.62673509960762
94.16,-2,0.694123458988164,-4.62773022824665,2.56839534138011,-1.51426404579419,-4.23134183194902,-1.66077010370184,0.697668679219107,2.58975143043945
94.18,-2,0.603259867552406,-4.36732750358831,2.58612299988135,-1.02912828342376,-4.26440742339419,-1.27260954227629,0.612713264727767,2.56039451591546
94.2,-2,0.519430358844632,-4.12576480287538,2.52723021004316,-2.20233015127513,-4.29992624327117,-0.873065622582707,0.527071613537568,2.53892305556804
94.22,-2,0.438229275437391,-4.27276229797738,2.49802979383034,-0.437794731035734,-4.33891275043713,-0.466601922960037,0.440690854111383,2.52551826441313
94.24,-2,0.348519866925536,-4.30472238568915,2.50971842080173,0.816914525588641,-4.38240659948104,-0.0576409602181052,0.353489796241862,2.5202747336974
94.26,-2,0.266040380009825,-3.8615640400527,2.53070637485389,0.98739199772262,-4.43137010324875,0.349361388017395,0.265362186720622,2.52319937243233
94.28,-2,0.194057305323428,-4.04529413849624,2.54921410071063,1.3708933886932,-4.48596199460624,0.749403817376991,0.176196929322188,2.53420381212046
94.3,-2,0.104228614469975,-5.70792468266918,2.58554211040161,0.534810827006826,-4.5453859710516,1.13702649546271,0.0858909830030759,2.55309280519271
94.32,-2,-0.034259681983339,-5.36675339084822,2.57060653379091,1.5528600492964,-4.60858189313338,1.50708777625875,-0.00558916322133131,2.57951769613443
94.34,-1.96215242417009,-0.110441521163953,-3.88943571591022,2.64765651237347,1.64784795928475,-4.66333639529238,1.84566711312396,-0.0983613524493399,2.61312729815748
94.36,-1.73442845385449,-0.189837110619748,-4.4669508665753,2.6365204521623,0.857442714342216,-4.64405687540701,2.09618301420701,-0.191694489658431,2.65281470248932
94.38,-1.14300839101423,-0.289119555826965,-4.10984646975341,2.68195422094716,1.80519723420007,-4.40932919517645,2.1411298742167,-0.282848406961387,2.69576313279728
94.4,-0.201721872008221,-0.354230969409884,-3.74830736406168,2.7087283415303,2.42150894343266,-3.75147433688119,1.80856217987906,-0.365166720202933,2.73588316823081
94.42,0.716824667158313,-0.439051850389433,-2.65076779775877,2.77881457868446,1.7383051259679,-2.67126072195397,1.10879161055105,-0.429934535876551,2.76551021875439
94.44,1.26639402622025,-0.460261681320235,-1.56123921779254,2.77826054656902,-0.00178175294764937,-1.4567848652163,0.304328666328113,-0.471110189040589,2.77952194236605
94.46,1.4577150748369,-0.501501419101134,-1.13378630623626,2.77874330856656,-0.422916328433709,-0.434742709637455,-0.310223862205943,-0.489564190538346,2.779015853354
94.48,1.5,-0.505613133569685,0.000809638742096941,2.76134389343167,-0.563689035082271,0.286983312829419,-0.639713600214416,-0.490561406138256,2.76905914105266
94.5,1.5,-0.50146903355145,0.952353845402193,2.75619574716327,-0.0659157300553215,0.747247905960189,-0.72192179398779,-0.47985391850706,2.75509928265717
94.52,1.5,-0.467518979753597,1.31955688944332,2.75870726422945,-0.166157302403991,1.04139245126391,-0.645508013582231,-0.461788400726771,2.74124632449441
94.54,1.49459320345287,-0.448686757973717,1.79456393986077,2.74954945506711,-0.969325062884163,1.23265180264887,-0.470799647072331,-0.438873696195321,2.72992492492437
94.56,1.4620612076935,-0.395736422159167,2.08623407091926,2.71993426171409,-0.861941540645261,1.35332472246283,-0.23000920722005,-0.412910741227285,2.72282301519133
94.58,1.37757262728775,-0.365237395136947,1.15369240966925,2.7150717934413,-0.0371114487372926,1.40931136276023,0.0672886793262605,-0.385162539227456,2.72109299568316
94.6,1.257530782475,-0.349588725772397,0.638618183857714,2.7184498037646,0.120780471258386,1.39584753364926,0.420868767517641,-0.356998604506133,2.72588766154984
94.62,1.11188219040596,-0.339692667782639,1.96522510382574,2.71990301229163,1.66824275201887,1.31512618528776,0.824097212726731,-0.329802054089054,2.73828102600789
94.64,1.03337228196854,-0.270979721619367,1.60776726216146,2.78517951384535,0.721974293343597,1.20997724371568,1.23381224395065,-0.304555677307397,2.75889447770229
94.66,1.0045882871474,-0.27538197729618,0.268379636489488,2.74878198402538,0.726602083976546,1.12233562961901,1.60644589433155,-0.281284234616145,2.78738449533717
94.68,1,-0.260244536159788,1.82665477452373,2.81424359720441,2.93908905871019,1.07439459868176,1.91554552758678,-0.259383496597866,2.82271727814318
94.7,1,-0.202315786315231,0.80828168539763,2.86634554637378,2.26980132878312,1.07137042180473,2.15030006708398,-0.23798319446015,2.86348952791528
94.72,1,-0.227913268743882,0.67780274274138,2.90503565035574,2.47353166874875,1.10997552020545,2.30888737747208,-0.216252403063205,2.9082212630775
94.74,1,-0.175203676605576,1.53674869435837,2.96528681312373,2.05824307400294,1.18294650680126,2.39476026728636,-0.193365234887842,2.95536791341739
94.76,1,-0.166443320969548,0.860219179306053,2.98736537331585,1.70633133948671,1.28370544132149,2.41252129854068,-0.168723740692094,3.0035352027956
94.78,1,-0.140794909433334,1.07599615816625,3.0335400667032,2.56275115124701,1.40343861589017,2.37058500290008,-0.141900738860342,3.05147831494185
94.8,1,-0.123403474642898,1.12279764414669,3.08987541936574,3.03634891156188,1.52949875421369,2.28246394825107,-0.112566029839594,3.09806979579684
94.82,1,-0.0958830036674662,1.53013171274968,3.15499402316568,2.63792949032573,1.65454023313066,2.15773335104913,-0.080717563949703,3.14252415361323
94.84,1,-0.0621982061329108,2.14327279338633,3.19539259897876,1.98402055625461,1.77222395842596,2.00557727147041,-0.0464444302525356,3.18420553694323
94.86,1,-0.010152091932013,3.02503028959499,3.23435484541586,1.46630904137618,1.87869602358764,1.8331301586297,-0.00992864267487483,3.22263610018409
94.88,1,0.0588030054508888,2.15676280192106,3.25404496063381,1.57404081289544,1.97241134403658,1.6454362092757,0.0286030114652209,3.25744475449101
94.9,1,0.0761184201448296,1.181223154379,3.29731647793168,1.28265397417845,2.05358427982373,1.44588273443335,0.0688970132327367,3.28836114129899
94.92,1,0.106051931626049,1.1183838752564,3.30535111960095,1.4130254336256,2.12413200932315,1.23622675685163,0.110673022876557,3.3152151711129
94.94,1,0.120853775155086,2.42665365233156,3.3538374952767,1.05897811509512,2.18402041119892,1.02004923546633,0.153758640749479,3.33779957922619
94.96,1,0.203118077719311,3.25154686953756,3.34771024420475,0.654263084727258,2.23391054325647,0.800242409993721,0.197973371611432,3.35598661468829
94.98,1,0.250915649936588,2.0178756862208,3.38000801866579,1.2126447016253,2.27583322044741,0.578350522961589,0.243094674078422,3.36976254731924
95,1,0.283833105168143,2.27411485273212,3.39621603226977,0.0157908289538433,2.31033735231707,0.357239082230949,0.288969626683424,3.37911440396756
95.02,1,0.341880244045872,2.85152179306129,3.38063965182395,0.474455177679334,2.33751597229339,0.140155823431952,0.335460462789373,3.38407901322079
95.04,1,0.397893976890595,1.43985281028518,3.41519423937694,0.443165338568241,2.35752020093389,-0.0698686306745681,0.382421768445128,3.38476744116375
95.06,1,0.39947435645728,1.95095948235052,3.39836626536668,-1.05313402840616,2.37009037508429,-0.269598007127041,0.429718111896535,3.38134547696159
95.08,1,0.475932356184615,2.9295621350681,3.37306887824069,-0.268497748901464,2.37497311551271,-0.455922427752063,0.477192691472829,3.37405547340554
95.1,1,0.516656841860004,2.21702428004983,3.38762635541062,-0.577565006134639,2.37201182145213,-0.626037651278502,0.52466967270075,3.36321274984762
95.12,1,0.564613327386609,2.34009843485793,3.34996627799531,-1.06927576720015,2.36030306175635,-0.776744472628709,0.571996428775763,3.34916067480351
95.14,1,0.610260779254321,2.45861910755346,3.34485532472261,-1.81635595591501,2.33898554042355,-0.905161271361038,0.619011702265107,3.33229499644733
95.16,1,0.662958091688747,2.42308681029455,3.27731203975871,-1.4086085130664,2.30837553953625,-1.00976170752218,0.665504398102968,3.31310103528993
95.18,1,0.707184251666103,2.24834159155438,3.28851098419996,0.378269218090377,2.26882133411249,-1.08941158489005,0.71128474307723,3.29207444881558
95.2,1,0.752891755350922,2.43527097913463,3.29244280848232,-0.880811704115747,2.2208007971146,-1.14347678901651,0.756187261304056,3.26970955190557
95.22,1,0.804595090831488,2.83184659810201,3.25327851603533,-1.66681755115236,2.16627350266216,-1.17305765523256,0.800027522056295,3.24653486872001
95.24,1,0.866165619275003,1.23571597685571,3.22577010643623,-1.03933674427139,2.10566467479508,-1.17821364582343,0.842723499749435,3.22300999132335
95.26,1,0.854023729905717,1.46420819525754,3.21170504626447,-1.39116530504437,2.04022851517327,-1.16012789265268,0.884208607539152,3.19957543166251
95.28,1,0.924733947085304,2.95841633110387,3.17012349423445,-2.3405014616581,1.97312753423748,-1.12209647016089,0.924392083783238,3.17668161297481
95.3,1,0.972360383149871,2.28899990889355,3.11808498779815,-1.2785229263131,1.90804934336094,-1.06823158972141,0.963205668619036,3.15474809821882
95.32,1,1.01629394344105,1.37561821122205,3.11898257718193,0.605565408383413,1.84513947717617,-0.999618220956005,1.00073304647361,3.13404685662547
95.34,0.962152424170088,1.02738511159875,0.819599805012949,3.14230760413348,-0.135256872398504,1.77715655734476,-0.910446178807315,1.03697549497548,3.11490211953464
95.36,0.734428453854493,1.04907793564156,2.18754399521439,3.11357230228599,-0.767388104598277,1.62317780986573,-0.724898181803717,1.07126759698175,3.09825156904063
95.38,0.143008391014226,1.11488687140733,0.316838714494388,3.11161207994955,-0.994271558738891,1.19745541634467,-0.269264831668505,1.10008551640271,3.08771152368237
95.4,-0.798278127991779,1.06175148422134,0.502253507803962,3.07380143993643,0.408222274060333,0.332288802127706,0.606493808609531,1.11615339935231,3.09036219053273
95.42,-1.71682466715831,1.13497701171949,0.649649968997351,3.12794097091197,2.75732216985437,-0.886912465465089,1.80171763210073,1.11093932940736,3.11417784890571
95.44,-2.26639402622024,1.08773748298123,-2.83365100902906,3.18409432673061,2.50205762555865,-2.08500734737352,2.93423497387203,1.08084776153576,3.16198212520229
95.46,-2.4577150748369,1.02163097135832,-2.6439243063192,3.22802327593431,2.57280603124389,-2.89527296049391,3.63845605484036,1.03025906296411,3.22856088592678
95.48,-2.5,0.981980510728466,-3.54510120507494,3.28700656798036,3.64678263073822,-3.27075871326598,3.86860219922103,0.967986713565896,3.30431177081475
95.5,-2.5,0.879826923155327,-3.38024032321323,3.37389458116384,3.92073655964855,-3.34852436024229,3.76184929564301,0.901441573259696,3.38103378120685
95.52,-2.5,0.846770897799937,-2.78605711659811,3.44383603036631,3.16044381676579,-3.29822693264063,3.48453472734034,0.834862199554486,3.45368270549452
95.54,-2.5,0.768384638491403,-3.48554151654354,3.50031233383447,3.79194536627417,-3.21406813644334,3.13002203443562,0.769720026066383,3.51991717079458
95.56,-2.5,0.707349237138195,-3.143800932471,3.59551384501727,3.22505475600533,-3.13737418355927,2.74114441134367,0.706241450898321,3.57866251289827
95.58,-2.5,0.642632601192563,-3.44210306254456,3.62931452407469,1.35086305069773,-3.08229087686571,2.33601748960078,0.64407920690397,3.62945643923892
95.6,-2.5,0.569665114636413,-2.81449507469932,3.64954836704518,1.5154662502606,-3.05207995115924,1.92304352246357,0.582772362986609,3.67205908792058
95.62,-2.5,0.53005279820459,-2.38994391232843,3.68993317408511,2.05031820973928,-3.04481239543223,1.50651196011703,0.521834169424007,3.70636177866353
95.64,-2.5,0.474067358143275,-3.49604387246024,3.73156109543475,1.25457622569263,-3.0572379194167,1.08977650749557,0.46084668131222,3.73231950633396
95.66,-2.5,0.39021104330618,-3.50019624008013,3.74011622311282,1.67825499477303,-3.08542495897352,0.675764647681542,0.399447015911519,3.74996472022656
95.68,-2.5,0.33405950854007,-3.64035701065824,3.79869129522567,0.305363919407398,-3.12529266872117,0.267212631710885,0.337338227525636,3.75940251770017
95.7,-2.5,0.24459676287985,-2.60921117796719,3.75233077988911,-0.463744232315344,-3.17406846993954,-0.132018478518119,0.274340556032877,3.76075789353979
95.72,-2.5,0.229691061421383,-2.86368189373068,3.78014152593306,-0.786502721812388,-3.22959153698787,-0.517780216846422,0.210315358082822,3.7542365186066
95.74,-2.5,0.130049487130623,-3.85307434658702,3.72087067101662,-1.52917227925646,-3.29008718005218,-0.885984636548442,0.145142624174838,3.7401463703052
95.76,-2.5,0.0755680875579019,-2.28870979662974,3.7189746347628,-1.63562452720211,-3.35416684514534,-1.2326043103326,0.0787209786579793,3.71889773258366
95.78,-2.5,0.0385010952654338,-3.22314267058205,3.65544568992853,-1.21373010356824,-3.42144291481713,-1.55320481626565,0.0109925940082411,3.69097167399218
95.8,-2.5,-0.0533576192653804,-4.36260905513753,3.67042543062007,-1.32729167989969,-3.49307197108291,-1.84237956474576,-0.0580932034485305,3.65691724433735
95.82,-2.5,-0.136003266940067,-3.34850325407746,3.60235402273254,-2.51114087257531,-3.56915564985241,-2.09592476143231,-0.128688462069013,3.61745983610242
95.84,-2.5,-0.187297749428479,-4.33751475249373,3.56997979571706,-1.26888836838992,-3.65056221813121,-2.30974293039417,-0.200912767527306,3.57336522047851
95.86,-2.5,-0.309503857039817,-3.61329722931992,3.55159848799695,-2.4523675512133,-3.7390514411321,-2.47975559361216,-0.274846275331162,3.52543198836825
95.88,-2.5,-0.331829638601276,-1.94817947719009,3.47188509366853,-3.28464012279475,-3.83645311762113,-2.60254945567788,-0.35056638457448,3.47450232884632
95.9,-2.5,-0.38743103612742,-4.69728442275134,3.42021288308516,-2.50885135453429,-3.93996340401491,-2.67978932427545,-0.428274319925462,3.42155086898602
95.92,-2.5,-0.519721015511329,-5.3941357511211,3.37153103948716,-3.02093955622759,-4.04528000465528,-2.71570357978884,-0.508109921076229,3.36751840069619
95.94,-2.5,-0.603196466172264,-4.23109757578978,3.29937530083605,-3.00030627677411,-4.14879599070051,-2.71480840596964,-0.590091448402948,3.31319769948491
95.96,-2.5,-0.68896491854292,-4.39206013744652,3.25151878841619,-2.69480055274234,-4.24760545660467,-2.68189513171512,-0.674116038246018,3.2592325258976
95.98,-2.5,-0.778878871670125,-4.367081480349,3.19158327872636,-2.77288796485063,-4.33930050370822,-2.6219944912323,-0.759988938982729,3.20614235719254
96,-2.5,-0.86364817775688,-3.8609889713247,3.14060326982217,-2.00183825460604,-4.42032091849261,-2.5410224606847,-0.84758769416703,3.15446393887664
96.02,-2.5,-0.933318430523113,-3.88138572151047,3.11150974854212,-1.86716913619267,-4.48968288548276,-2.44246821836993,-0.936731842169532,3.10462642997708
96.04,-2.5,-1.0189036066173,-5.00043472021231,3.06591650437446,-2.77013275137794,-4.55071940681672,-2.32549847953435,-1.02714162844307,3.05690980920071
96.06,-2.5,-1.13333581933161,-5.28271024203352,3.000704438487,-2.43844845712449,-4.60390096901429,-2.19191414022067,-1.1186845970929,3.0116934245609
96.08,-2.5,-1.23021201629864,-4.69965626829541,2.96837856608948,-1.81363190334772,-4.65000234521208,-2.04315800475976,-1.2112554247079,2.96933942654953
96.1,-2.5,-1.32132207006342,-4.59146690101341,2.92815916235309,-2.29659261666174,-4.6921907818777,-1.87831146442504,-1.30468530373224,2.9301008910392
96.12,-2.5,-1.41387069233918,-4.94850944893915,2.87651486142301,-2.22720286195484,-4.73119238927068,-1.69887946547025,-1.39891702864844,2.89429863710382
96.14,-2.5,-1.51926244802099,-4.70775471962725,2.8390710478749,-1.7268258152295,-4.76757402075004,-1.50660127120592,-1.49391349795549,2.86222930833344
96.16,-2.5,-1.60218088112427,-3.76768627519336,2.80744182881383,-0.248876729073211,-4.80245536064932,-1.30274236041962,-1.58962125806151,2.83412377249107
96.18,-2.5,-1.66996989902872,-4.91825363961766,2.82911597871197,-0.466999655379918,-4.83640025603394,-1.08918121342926,-1.68601804455287,2.81019523893882
96.2,-2.5,-1.79891102670897,-5.08109013304938,2.78876184259863,-1.60196051371615,-4.86982242906119,-0.868050042505483,-1.78308570261195,2.7906159248468
96.22,-2.5,-1.8732135043507,-4.50412548015968,2.76503755816332,-0.724560929294382,-4.90301741406139,-0.641603065079021,-1.88080991432168,2.77550937001167
96.24,-2.5,-1.97907604591536,-5.39544452554337,2.75977940542686,0.0958447511796967,-4.93591775625263,-0.412433592006091,-1.97919233334956,2.76496094032806
96.26,-2.5,-2.08903128537243,-4.76087661649519,2.76887134821051,0.162062187580547,-4.96824004321071,-0.183318553744386,-2.07823586074882,2.75900657988295
96.28,-2.5,-2.16951111057517,-4.9670420702715,2.76626189293008,-0.49727904873702,-4.999719469811,0.0430731853260272,-2.17791699255209,2.75761067567824
96.3,-2.5,-2.28771296818329,-5.73783479323756,2.74898018626103,0.566299325910113,-5.02862218513308,0.262917418874003,-2.27819928976282,2.76067794541648
96.32,-2.5,-2.39902450230467,-5.3626468490411,2.78891386596649,-0.384102025738708,-5.05884263352344,0.477496421296525,-2.37907092849392,2.76809106617538
96.34,-2.46215242417009,-2.50221884214494,-5.2292823317082,2.73361610523148,0.70638475655046,-5.080627849285,0.675927463913713,-2.48052743528995,2.77969750386132
96.36,-2.23442845385449,-2.608195795573,-4.0821790547318,2.8171692562285,1.45256156025697,-5.01442629306064,0.787020839719744,-2.58173858310302,2.79457402230914
96.38,-1.64300839101423,-2.66550600433421,-3.9074826604749,2.79171856764176,-0.210386629925641,-4.71357308999473,0.684558046867669,-2.6795503409935,2.80976221688535
96.4,-0.701721872008221,-2.76449510199199,-3.86490645514429,2.80875379103148,1.07297214515578,-4.00834911962043,0.22888937309269,-2.76749104773101,2.81951864064411
96.42,0.216824667158314,-2.82010226253998,-3.94664195730977,2.83463745344799,-0.0752458157661229,-2.94378010885472,-0.519336247751196,-2.83741047167482,2.81689850054617
96.44,0.766394026220245,-2.92236078028438,-2.43397030184174,2.80574395840083,-1.31875515255565,-1.84314094126253,-1.25212358809129,-2.88499437090866,2.79883907301771
96.46,0.957715074836897,-2.91746107461365,0.578778464622753,2.78188724734577,-1.86810440794016,-0.983566205737118,-1.7157395463864,-2.91278953225609,2.7686526056208
96.48,1,-2.89920964169947,0.132141336896718,2.73101978208323,-1.45298838714266,-0.433689410055289,-1.85646478437393,-2.92651118357281,2.73245794357262
96.5,1,-2.91217542113778,-1.40284906277706,2.72376771186006,-1.85917785837495,-0.109973723006647,-1.75989120852248,-2.93164660492561,2.69597636083971
96.52,1,-2.95532360421056,-0.179117585853694,2.65665266774823,-2.00446139385053,0.0846797094881681,-1.52119322615607,-2.93175758093638,2.66299845160718
96.54,0.972966017264348,-2.91934012457193,0.84810844305685,2.64358925610604,-1.60344234910177,0.205603118463382,-1.19691808669163,-2.92873231596763,2.63568289012317
96.56,0.810306038467495,-2.92139926648828,0.128860126601493,2.59251497378416,-1.35148756377343,0.243325370352186,-0.787391995572797,-2.92406586840198,2.61567279950713
96.58,0.387863136438733,-2.91418571950787,-0.391570753082426,2.5895297535551,-0.148030854358994,0.144247300008971,-0.257042466478834,-2.91986099686396,2.60495154892391
96.6,-0.212346087625022,-2.93706209661158,-0.732296182371384,2.5865937396098,0.998753334155711,-0.19431406487778,0.468607850754898,-2.91991654461859,2.60671321434967
96.62,-0.940589047970224,-2.94347756680272,-0.295661931991309,2.62947988692133,1.84121845931383,-0.790157715869188,1.39257616725808,-2.92937969770174,2.62504381670322
96.64,-1.33313859015732,-2.94888857389123,-1.12573974796768,2.66024247798235,1.89063211390676,-1.53402311451768,2.4110408353632,-2.95251864229127,2.6630547549917
96.66,-1.47705856426302,-2.98850715672143,-2.04067809330063,2.7051051714776,3.14055128128979,-2.26848899257215,3.37655572675595,-2.99067557520334,2.72113382342572
96.68,-1.5,-3.03051569762326,-2.48063577550609,2.78586452923394,4.96110463426903,-2.87933567779342,4.17484722472156,-3.04245974728314,2.79703498435248
96.7,-1.5,-3.08773258774167,-4.19169081956721,2.90354935684836,4.51178547448675,-3.27954826137097,4.71521681574416,-3.10442702109192,2.88639363095165
96.72,-1.5,-3.19818333040595,-3.54396901130571,2.96633594821341,5.09138431978768,-3.41219156729816,4.93654922455991,-3.17181729131876,2.9834699704829
96.74,-1.5,-3.2294913481939,-3.27509272144385,3.10720472963987,5.37847071831421,-3.27838975101141,4.83593889047621,-3.23909718702636,3.08166609775012
96.76,-1.5,-3.3291870392637,-2.30672711837335,3.18147477694598,4.09402179948746,-2.97319728760854,4.50476699059697,-3.30178643479031,3.17534733244267
96.78,-1.5,-3.32176043292884,-1.86080730670206,3.27096560161937,4.24076732774921,-2.62419823493774,4.06883029926898,-3.35775202396356,3.26117596864072
96.8,-1.5,-3.40361933153178,-3.01184770215793,3.35110547005595,3.72745361080841,-2.31086357070729,3.60910275206318,-3.40702061994776,3.33796807625011
96.82,-1.5,-3.44223434101515,-2.03509436663503,3.4200637460517,2.7412406500545,-2.06064281462878,3.15699107414438,-3.45062752266518,3.40560885132502
96.84,-1.5,-3.48502310619718,-1.70987711698056,3.46075509605813,2.60703865056725,-1.87204119816943,2.71690711259938,-3.48988244853661,3.46434770103285
96.86,-1.5,-3.51062942569438,-1.48443245605422,3.52434529207439,2.31583204775048,-1.73521432460715,2.28566288644409,-3.52593397905569,3.51440489407699
96.88,-1.5,-3.54440040443935,-1.31303094056503,3.55338837796815,1.85129994185804,-1.64193111250562,1.86152906282652,-3.5596019713375,3.55583670569819
96.9,-1.5,-3.56315066331698,-2.05229440112602,3.59839728974872,1.86600988979434,-1.58069061540917,1.44084029383126,-3.5917355250537,3.58881996848725
96.92,-1.5,-3.62649218048439,-2.09115676502259,3.62802877355992,0.121082065266187,-1.54390645114891,1.02329683511451,-3.622911843909,3.61342753641718
96.94,-1.46215242417009,-3.64679693391788,-1.07535101613417,3.60324057235936,-0.676975570370641,-1.52323526231393,0.608021649740869,-3.65362335225672,3.62978814867947
96.96,-1.27083137555344,-3.66950622112976,-2.21498090670301,3.6009497507451,1.39664197799121,-1.46385809978503,0.154691993115032,-3.68364115770876,3.63754257913169
96.98,-0.643008391014226,-3.735396170186,-1.75512369530854,3.65910625147901,1.14022585620152,-1.23319831028565,-0.442888092510256,-3.71107750613655,3.63504782073942
97,0.298278127991779,-3.7397111689421,0.345495497726545,3.64655878499316,-1.31543833288684,-0.645532849701011,-1.33628146240351,-3.73048206194252,3.61776318792759
97.02,1.21682466715831,-3.72157635027694,0.329250671084613,3.60648871816354,-3.62684976599885,0.325489161279067,-2.54074571700671,-3.73428850015717,3.57947931988839
97.04,1.76639402622025,-3.72654114209872,1.22640252452623,3.5014847943532,-4.83226980633418,1.51950824706458,-3.90381248522662,-3.71598109491949,3.51508021294781
97.06,1.96788198996823,-3.67252024929589,3.34689878378598,3.41319792591017,-5.13972284876547,2.66827711385283,-5.16484176286707,-3.67379812298927,3.42399102894859
97.08,2,-3.59266519074728,3.39724383039156,3.29589588040258,-6.1886795520679,3.47397655082755,-6.02737205538586,-3.6114432281607,3.31104010536975
97.1,2,-3.53663049608023,3.00978102426049,3.16565074382746,-5.81386989737189,3.7348961607625,-6.28677389685293,-3.53851460813598,3.18695836503832
97.12,2,-3.47227394977686,3.05401954947032,3.06334108450771,-5.75898801717304,3.51736728089561,-6.00436317734568,-3.4654638695116,3.06340662385301
97.14,2.00540679654713,-3.41446971410142,3.3496728586752,2.93529122314053,-5.84848515905603,3.10498700557274,-5.45766953183932,-3.39912797489675,2.9485561012526
97.16,2.0379387923065,-3.33828703542985,3.59403813262682,2.82940167814547,-4.62615065563374,2.72351112349503,-4.86767500342656,-3.34099224108273,2.84532769415189
97.18,2.12242737271225,-3.27070818879634,3.007746322717,2.75024519691518,-4.07031442408801,2.4590445674227,-4.31994658500973,-3.28938140164152,2.75354541982685
97.2,2.2568968754274,-3.21797718252117,1.24026469363405,2.66658910118195,-3.99092907085489,2.32094089868997,-3.82742342567727,-3.2416430032611,2.67207993485002
97.22,2.38811780959404,-3.22109760105098,1.28948693184587,2.59060803408099,-3.23432973465664,2.29056281904867,-3.37544060186045,-3.19565593513757,2.6000840790397
97.24,2.4614273006459,-3.16639770524733,2.53647989031087,2.53721591179568,-2.84358433206974,2.32768580957018,-2.93521715638792,-3.14970044832371,2.53705431920254
97.26,2.49541171285261,-3.11963840543855,2.5680545836635,2.4768646607982,-2.55849552141467,2.38451210659285,-2.47551619234503,-3.10260791300402,2.48291459082335
97.28,2.5,-3.06367552190079,2.86719939809246,2.43487609093909,-1.91633907682534,2.45300365890574,-1.99665111954426,-3.05425034441556,2.43816573416706
97.3,2.5,-3.00495042951485,2.84712578124674,2.40021109772519,-1.74577148620324,2.5295306628404,-1.50333342514196,-3.00443911531428,2.40314882283719
97.32,2.5,-2.94979049065092,2.48105193786077,2.36504523149097,-0.957037002986283,2.61339680035185,-1.00225050810825,-2.9531616859389,2.37816915054058
97.34,2.47837281381148,-2.90570835200042,2.93089838173943,2.36192961760573,0.298202953687965,2.70115386333611,-0.498848076333708,-2.90001712243444,2.36313939931759
97.36,2.348244830774,-2.83255455538135,2.91059710457461,2.37697334963848,-0.389343392699182,2.76670174414226,0.0179280072403794,-2.84514629153853,2.35821087405111
97.38,2.01029050915099,-2.78928446781743,3.13367406227409,2.34635588189777,0.457019384187674,2.75532384762182,0.580637565524679,-2.78970451480668,2.36408239735094
97.4,1.47241249829041,-2.70720759289038,2.56970938264239,2.39525412500599,1.65334754155314,2.58582702990077,1.24258243453707,-2.73599634293969,2.38210474133446
97.42,0.947528761623821,-2.68649609251174,1.69449917266912,2.41248978355989,1.56572850240096,2.24441770051807,2.01613029793907,-2.68750336622897,2.41455275290628
97.44,0.633489127874146,-2.63942762598362,1.61548960663757,2.45788326510203,3.51739818999157,1.79097904585396,2.85946142249582,-2.64700555627174,2.46325377031463
97.46,0.524162814378916,-2.62187650824624,0.888788875068647,2.55318571115956,3.84447596919714,1.28596421085469,3.72256566957214,-2.61615051010958,2.52906851322989
97.48,0.5,-2.60387607098087,0.684013648737714,2.61166230386991,4.46713523793233,0.788763118443196,4.54809088080263,-2.5954469079797,2.61187411077715
97.5,0.5,-2.59451596229673,0.760677623255712,2.73187112067685,5.25020635449382,0.353345086230496,5.27194724685236,-2.58417353107664,2.71030262608873
97.52,0.5,-2.57344896605064,0.328598340244046,2.82167055804967,5.64749406943023,0.0446701831112996,5.81252843154687,-2.58048167890148,2.82154367573688
97.54,0.5,-2.58137202868696,0.0816857278054361,2.95777088345406,6.00069510612266,-0.040865970531216,6.05685324371067,-2.58088834941678,2.94081761962016
97.56,0.5,-2.57018153693843,0.435238255790915,3.06169836229457,5.18218980238699,0.147077886429917,5.93960000422325,-2.58025090748213,3.06136297555927
97.58,0.5,-2.56396249845533,0.1195023010931,3.16505847554954,6.30171744762372,0.520389000881932,5.54264414078944,-2.57373856034497,3.17650378631204
97.6,0.5,-2.5654014448947,1.04319583786494,3.31376706019952,5.02047550800044,0.920320968361055,5.03044995133211,-2.55927765327232,3.28231922859148
97.62,0.5,-2.52223466494073,1.60661078789864,3.36587749586956,3.11962336422217,1.25196370171116,4.50877804846386,-2.53741227691912,3.37768924535746
97.64,0.5,-2.50113701337876,1.54425701820425,3.43855199476841,4.47540462965665,1.49956547964177,4.00422623633162,-2.50980904612312,3.46282855781861
97.66,0.5,-2.46046438421256,0.87421765736162,3.54489368105582,3.96652362867315,1.67643581832862,3.51261339519583,-2.47797918880399,3.53801161412358
97.68,0.5,-2.46616830708429,1.3688042258964,3.59721293991534,3.10272135395517,1.79907854460141,3.0257819812377,-2.44307680879939,3.60333347067232
97.7,0.5,-2.4057122151767,2.47642570899056,3.66900253521403,2.87782029051048,1.88619757537884,2.5339160652755,-2.40617503827971,3.65894258288792
97.72,0.5,-2.36711127872467,1.92436683019982,3.71232575153575,1.75248540769853,1.94668998418216,2.03567077363326,-2.36780708202194,3.70464803818789
97.74,0.492091239800406,-2.32873754196871,1.63038603633425,3.73910195152197,1.19782398166993,1.98840533614311,1.53102540249388,-2.32842582162246,3.7403207241571
97.76,0.424122415386998,-2.3018958372713,1.64205517057032,3.76023871080255,1.91840478681709,2.00407442420649,1.03196403374234,-2.28845158963266,3.76593410147082
97.78,0.255145254575493,-2.2630553351459,2.27138903955214,3.81583814299465,0.260906373472702,1.96712457456226,0.564023490504506,-2.24863319065247,3.78182518536101
97.8,-0.0137937508547938,-2.21104027568921,1.61400497907374,3.77067496574146,-0.829618658342046,1.85392145079187,0.149130905313019,-2.2102589544596,3.78883448640898
97.82,-0.253877440480296,-2.19849513598295,1.37445891104452,3.78265339666097,0.274670109670605,1.65737773628718,-0.20448329663262,-2.17507659668338,3.78822718006636
97.84,-0.433255436062927,-2.15606191924743,2.51669671137527,3.78166177012828,0.693230127286615,1.42682163681021,-0.53042859805194,-2.1442161040988,3.78085444934562
97.86,-0.490823425705209,-2.09782726752794,1.08070792692849,3.81038260175244,-0.328032602767359,1.21014138583897,-0.859819508675426,-2.11786493043846,3.76695205516427
97.88,-0.5,-2.11283360217029,0.486679509057586,3.76854046601759,-1.77626595994057,1.03175481379511,-1.2052212351559,-2.0955111066196,3.74632613595021
97.9,-0.5,-2.07836008716564,0.684461233199518,3.73933196335481,-2.45797560596052,0.893476306047788,-1.56186292751895,-2.07628727088795,3.7186412095976
97.92,-0.5,-2.08545515284231,0.673454176335586,3.67022144177917,-1.90476875343931,0.784752217898748,-1.91548020437559,-2.05955527465044,3.6838578872944
97.94,-0.5,-2.05142192011221,0.85412081739582,3.66314121321724,-2.18223147927149,0.694274715895989,-2.25126985161216,-2.0448138867913,3.64216810423245
97.96,-0.5,-2.05129032014648,1.12733558250701,3.58293218260831,-2.6054512279759,0.610306266725326,-2.55401358918079,-2.03175936079991,3.5940382472115
97.98,-0.5,-2.00632849681193,1.41285662946077,3.5589231640982,-1.82630585876299,0.520552358314806,-2.80776408221286,-2.0204333319448,3.54032797447704
98,-0.5,-1.99477605496805,-0.439807413432192,3.50987994825779,-3.19536108288927,0.412388080656783,-2.99647775364801,-2.01106678724414,3.48216714402214
98.02,-0.5,-2.02392079334922,-0.666667057499637,3.43110872078263,-3.25619253934466,0.275300249036944,-3.10648088526004,-2.00412645806777,3.42098755597439
98.04,-0.5,-2.02144273726804,0.508819414097417,3.379632246684,-3.69208150043451,0.105952665101285,-3.13183774649728,-2.00027166604799,3.3584745466388
98.06,-0.5,-2.00356801678532,1.2802518092654,3.28342546076525,-3.79653650829154,-0.0913369241675272,-3.07563060034702,-2.0000952869541,3.29627886918753
98.08,-0.5,-1.97023266489742,0.0951478456723165,3.22777078635234,-2.22655237773857,-0.303505703305507,-2.95133820010232,-2.00403441619046,3.2359124666697
98.1,-0.5,-1.99976210295843,-1.66456244226794,3.19436336565571,-2.39540552937552,-0.514305614003953,-2.7773923314345,-2.01221977826461,3.17855133962731
98.12,-0.5,-2.03681516258814,-0.628899837480268,3.13195456517732,-2.76956334087541,-0.710611576833083,-2.57053901182482,-2.02448662328317,3.12501436113802
98.14,-0.478372813811479,-2.02491809645764,-0.241675005330422,3.08358083202069,-2.21482813033596,-0.879696396053796,-2.34771441194256,-2.0404772887807,3.07585019553738
98.16,-0.348244830773996,-2.04648216280135,-1.49490810803966,3.04336143996388,-2.85800782287762,-0.969274257195142,-2.16340448153093,-2.05912472238331,3.03083160082213
98.18,-0.0102905091509863,-2.08471442077923,-0.85913929754653,2.96926051910559,-2.57289099175925,-0.886881799351591,-2.10728791149736,-2.078080232937,2.98843776633471
98.2,0.527587501709588,-2.08084773470321,-0.684814454123261,2.94044580029351,-1.94929402909992,-0.560907108604752,-2.24383435778844,-2.0930399479996,2.94531098622743
98.22,1.05247123837618,-2.11210699894416,-0.305470616508396,2.89128875794159,-2.66845068026653,-0.0544180138059842,-2.50502541276867,-2.09923617005203,2.89778352540434
98.24,1.3457092025836,-2.09306655936355,0.993746069243162,2.83370777308285,-3.20956360907799,0.44139028307789,-2.70592192294505,-2.09521481701796,2.8454471809766
98.26,1.48164685141042,-2.07235715617443,0.828795769665625,2.76290621357847,-1.91295932310778,0.795690192471465,-2.72601022408686,-2.08256827034186,2.79079448959205
98.28,1.5,-2.05991472857693,0.623676948625951,2.75718940015854,-1.7506069997169,0.995915137507636,-2.56074892581202,-2.06443167204891,2.73765814171057
98.3,1.5,-2.04741007822939,1.4247553753387,2.6928819335898,-2.26794201750046,1.09686801082327,-2.26806304595077,-2.04341660877244,2.68922982672401
98.32,1.5,-2.00292451356338,1.19076824441854,2.66647171945852,-2.55505715770546,1.15227823697236,-1.90380454914044,-2.02085424066027,2.64740661618073
98.34,1.5,-1.99977934845265,0.977650962660165,2.59067964728158,-2.09389171753334,1.19050773959908,-1.4997096570561,-1.99741467969561,2.6133248787644
98.36,1.5,-1.96381847505697,1.35013828228478,2.58271605075719,-0.9052767651619,1.22387666212184,-1.07345468435586,-1.9732650734931,2.58756471717013
98.38,1.5,-1.94577381716126,0.884114173809902,2.5544685766751,-0.683492860237023,1.25751556789484,-0.636152603501278,-1.94845714765244,2.57045917336424
98.4,1.5,-1.92845390810457,0.86138070036168,2.55537633634771,-0.120266809432679,1.2926012596936,-0.195541670354803,-1.92296193347563,2.56214364488107
98.42,1.5,-1.91131858914679,1.6049667825226,2.5496579042978,0.850835485443047,1.32895196826885,0.241878908345866,-1.89674234419306,2.56261478366903
98.44,1.5,-1.86425523680367,0.833110030523587,2.58940975576543,1.42155312917233,1.36616836134502,0.670084842768204,-1.8697958845517,2.57175669692624
98.46,1.5,-1.87799418792585,1.18831771153506,2.60652002946469,0.373699640674752,1.40419263293551,1.08289089961173,-1.84212125812205,2.58933177597753
98.48,1.5,-1.81672252834227,1.96419439173588,2.60435774139242,0.7494333883594,1.44342947893862,1.47364824672438,-1.81366708380425,2.61495048470055
98.5,1.5,-1.79942641225641,1.71454623022846,2.63649736499906,2.34098406910285,1.48574588900429,1.83480190449888,-1.78436732910969,2.64808331957107
98.52,1.5,-1.74814067913313,1.91299815706743,2.69799710415653,1.67314873005681,1.53457823993598,2.15783654662038,-1.75414499001895,2.688062642636
98.54,1.5,-1.72290648597372,1.96384989627841,2.70342331420134,2.15145810138121,1.59484970416397,2.43325567048348,-1.72288166911848,2.73407046261341
98.56,1.5,-1.66958668328199,1.04593005046835,2.78405542821178,2.92094144078148,1.67153188106535,2.65155675014917,-1.69025706966154,2.78502844881786
98.58,1.5,-1.68106928395498,1.06531260115366,2.8202609718326,3.27396632105313,1.76849418632937,2.80510832958105,-1.65587910861145,2.83969386969799
98.6,1.5,-1.62697417923585,2.86838610760022,2.91501408105391,3.08492185836992,1.88819312785421,2.88876790094314,-1.61934234532385,2.89674566989541
98.62,1.5,-1.56633383965097,2.3564255058744,2.94365784616739,2.69702340446047,2.02778609775494,2.90382053257045,-1.58020013944232,2.95477390569968
98.64,1.5,-1.53271715900087,1.85790287220904,3.02289501723233,2.4374256314168,2.18060761132032,2.85699880919573,-1.53813663333173,3.01247888603659
98.66,1.5,-1.49201772476261,2.32423418754537,3.04115487142406,2.81121271144218,2.33603503907927,2.76055191367272,-1.49297160924457,3.06873124691788
98.68,1.5,-1.43974779149906,2.76188377459508,3.13534352569001,3.89936671557887,2.48450650809876,2.62699026551573,-1.44474841582453,3.12266467644851
98.7,1.5,-1.38154237377881,2.02078666727023,3.19712954004722,2.05314872589034,2.61988534033729,2.46616929735859,-1.39368697148211,3.17364354730252
98.72,1.5,-1.35891632480825,2.71168732523046,3.21746947472563,2.0178131969175,2.73898077882307,2.28519216559713,-1.34006832757807,3.22117974201129
98.74,1.5,-1.27307488076959,3.29535362025745,3.27784206792392,3.1626830443507,2.84196915849695,2.08792015252123,-1.28423498267387,3.26493547930842
98.76,1.5,-1.22710217999795,2.90140054829869,3.34397679649966,0.897647467049822,2.93068846994069,1.87646668767251,-1.22651623448827,3.30463100426303
98.78,1.5,-1.15701885883764,2.49213028494963,3.31374796660591,0.0407092331777381,3.00554804472632,1.65416074123225,-1.16712086802824,3.3399424381586
98.8,1.5,-1.12741696859996,2.99826178920032,3.34560516582677,1.74304141883752,3.06968458169762,1.4216909839469,-1.10632934215121,3.37069377697362
98.82,1.5,-1.03708838726963,3.44766664366571,3.38346962335941,1.90589189343744,3.12573045779031,1.18016538299095,-1.04436916924329,3.39673227893007
98.84,1.5,-0.989510302853335,2.92223024777573,3.42184084156426,1.40123353157099,3.17415771450111,0.932732173016814,-0.981358084061615,3.4178685630724
98.86,1.5,-0.920199177358601,3.02370911727587,3.43951896462225,0.136176881829519,3.21623929127407,0.681736455843545,-0.917437425039545,3.43400969107284
98.88,1.5,-0.8685619381623,3.00835025101186,3.42728791683744,-0.0600301229467082,3.25305731941221,0.429646376592829,-0.852735179523302,3.44512204423036
98.9,1.5,-0.799865167318127,2.93017286143021,3.43711775970438,0.969811080015615,3.28485058559607,0.179669820557927,-0.787348122242048,3.45120924564383
98.92,1.5,-0.751355023705092,3.34394774873575,3.46608036003807,0.273861461868463,3.31129166729654,-0.0645976893650569,-0.721379483340679,3.45234937925542
98.94,1.45674562762296,-0.666107257368697,4.17994844434241,3.44807221817912,-0.656414017521412,3.32630031611667,-0.294443299439436,-0.654942833199983,3.44869442580725
98.96,1.2380930006325,-0.584157085931396,3.0574325571352,3.43982379933721,-0.171191246108504,3.24971873334464,-0.434875286808978,-0.588910900552008,3.44114439166371
98.98,0.520581018301972,-0.543809955083289,2.94382429232994,3.44122456833478,-0.159357955072259,2.91411413892322,-0.33584499656618,-0.526706181114126,3.4329206132867
99,-0.555175003419176,-0.466404114238198,3.18523644215806,3.43344948113432,-0.490911409152561,2.08325638750089,0.208222915684031,-0.475845133132729,3.43086100376047
99.02,-1.60494247675236,-0.416400497396967,0.453205375402147,3.42158811196868,0.934917258763879,0.849493643496221,1.09333018935034,-0.446143096573154,3.44359651537361
99.04,-2.23302174425171,-0.448275899222112,-1.10613630146268,3.47084617148488,2.42218955451691,-0.390269380291303,1.94031804295778,-0.441889465118062,3.4743209405153
99.06,-2.46329370282084,-0.460645949455474,-0.862230512937134,3.51847569414936,2.83364758238429,-1.31787800894948,2.45604695666584,-0.45959166359701,3.51892587500697
99.08,-2.5,-0.482765119739598,-1.39977888504927,3.58419207478025,2.34390345605302,-1.8900320284402,2.60933725378668,-0.492201589027656,3.57011812469959
99.1,-2.5,-0.516637104857445,-2.4666411548466,3.61223183239148,2.29053695164561,-2.21551727826015,2.50687139982347,-0.533515735623288,3.6215738515835
99.12,-2.5,-0.581430765933462,-3.23166329810973,3.67581355284607,2.47469033450827,-2.41067120431368,2.25967485069622,-0.579959721971138,3.66943685528505
99.14,-2.47837281381148,-0.645903636781834,-3.20190160746344,3.71121944577181,1.37861351841485,-2.53923190233093,1.92913980383195,-0.629537547254596,3.711431997563
99.16,-2.348244830774,-0.709506830231999,-2.5051691197,3.73095809358267,1.99184860720585,-2.60807442304717,1.52858991402933,-0.681142585707501,3.7461451639903
99.18,-2.01029050915099,-0.746110401569834,-1.83003701471175,3.79089339006004,1.51928288255424,-2.5770524843898,1.03320453568335,-0.733223960926627,3.77196508269351
99.2,-1.47241249829041,-0.782708310820469,-2.6267799883269,3.79172940888484,0.350094404798895,-2.38675885094468,0.403018557345543,-0.783111256849725,3.78653735650971
99.22,-0.947528761623821,-0.85118160110291,-2.60200346614674,3.804897166252,-0.749919551496647,-2.02569092838096,-0.364944094668601,-0.827479431553439,3.78710892796914
99.24,-0.654290797416399,-0.886788449466339,-0.968886596523674,3.76173262682497,-1.01349875866085,-1.58054225394766,-1.19812653024671,-0.863628092829955,3.77153930275179
99.26,-0.518353148589582,-0.889937064963857,-1.12296587752388,3.76435721590556,-1.11397512492755,-1.13752457229812,-2.02076864818225,-0.890777777063163,3.73930149634025
99.28,-0.5,-0.931707084567294,-0.986249109638229,3.71717362182787,-3.33199199600828,-0.743270777433787,-2.78366508602598,-0.909464770115746,3.69111317297078
99.3,-0.5,-0.929387029349386,0.453991892933842,3.63107753606523,-3.68424431248242,-0.412416856579329,-3.45969212440704,-0.920921534641489,3.62852610569862
99.32,-0.5,-0.91354740884994,-0.318168355997422,3.56980384932857,-4.34825502289976,-0.154007534812654,-4.0252888017299,-0.926442324564024,3.55345912067347
99.34,-0.5,-0.942113763589283,-0.869893335444638,3.45714733514924,-4.62439658720535,0.00578537879213062,-4.44161697386174,-0.927725604017851,3.46849849199107
99.36,-0.5,-0.948343142267726,-0.0769782930554797,3.38482798584036,-4.68990239493267,0.030589537848578,-4.66124169453466,-0.927110790231842,3.37710756787889
99.38,-0.5,-0.945192895311502,0.271278530499572,3.26955123935194,-4.88121414582175,-0.0968972458897908,-4.65780692267301,-0.927533015559445,3.28355201238164
99.4,-0.5,-0.937492001047743,-0.706761745020074,3.18957942000749,-4.36844946288403,-0.344865924556706,-4.4584483186149,-0.93180346918319,3.19211614909284
99.42,-0.5,-0.973463365112305,-0.209087379895068,3.09481326083657,-3.62165773511434,-0.642277882678672,-4.13569407565358,-0.941655648789138,3.10603652422672
99.44,-0.5,-0.945855496243546,-0.152124305830478,3.04471311060291,-3.651811157289,-0.924755668549468,-3.76021722468513,-0.957383124382854,3.0270286214439
99.46,-0.5,-0.979548337345524,-1.33160857416232,2.94874081454501,-3.06072615957339,-1.16153653473579,-3.37077406716019,-0.978326479596913,2.95570668308487
99.48,-0.5,-0.999119839210039,-0.790803070328186,2.92228406421998,-2.27588358130572,-1.34806455168561,-2.97987073231908,-1.00350477030626,2.89220268489689
99.5,-0.5,-1.01118046015865,-1.72974562314667,2.85770547129279,-3.66362092971744,-1.4919450072017,-2.58745061196537,-1.03194648094138,2.83650538179406
99.52,-0.5,-1.06830966413591,-1.99395445282589,2.77573922703128,-3.67943175832356,-1.601007111915,-2.19258870300477,-1.06294321613237,2.78871437937694
99.54,-0.5,-1.09093863827169,-2.22336894722359,2.71052820095984,-1.08331433949527,-1.6846636656731,-1.79284381090293,-1.09583955130653,2.74885436649688
99.56,-0.5,-1.15724442202485,-2.02664386316629,2.73240665345147,-0.455519105132596,-1.74933246474755,-1.38839951487315,-1.1302028165626,2.7170314163475
99.58,-0.5,-1.17200439279834,-1.91740295629209,2.69230743675454,-1.08510180872361,-1.79991502431581,-0.98084119221855,-1.16572230540362,2.69334231621027
99.6,-0.5,-1.23394054027653,-1.94072900958356,2.68900258110253,-0.99539199457116,-1.84086353625678,-0.572162177874131,-1.20214000583101,2.67780880180726
99.62,-0.5,-1.24963355318168,-1.07345862130503,2.65249175697169,-0.147882067003569,-1.87500007975274,-0.16582456541154,-1.23930577531097,2.67043242900139
99.64,-0.5,-1.27687888512873,-1.55309905100499,2.68308729842238,0.571534763333648,-1.90415627889921,0.233898516073832,-1.27710838693071,2.67113247858721
99.66,-0.5,-1.31175751522188,-1.56913121016779,2.67535314750504,0.0576999243915965,-1.92931558661397,0.622203621150403,-1.3154521072519,2.67972092646066
99.68,-0.5,-1.33964413353545,-2.21438866942744,2.68539529539805,1.06724047537253,-1.94986809063422,0.993099052921536,-1.35427074662894,2.695924075337
99.7,-0.5,-1.40033306199898,-1.99494207414626,2.71804276651994,1.64604364044324,-1.96400830894503,1.33962377855012,-1.39343970713495,2.71931195061385
99.72,-0.5,-1.4194418165013,-2.28656177623964,2.75123704101578,1.605981020398,-1.96842388449529,1.65383217507014,-1.43277174085941,2.74929689085973
99.74,-0.5,-1.49179553304856,-2.49216504640434,2.78228200733586,1.45474131433596,-1.95776928035767,1.92642288632555,-1.47204126045672,2.78515865700665
99.76,-0.5,-1.51912841835747,-1.39515671153551,2.80942669358922,1.95529521504114,-1.92551206174508,2.14742664362635,-1.51093145281858,2.82600913954049
99.78,-0.5,-1.54760180150998,-2.03318799225632,2.86049381593751,2.5714183484091,-1.8669312679451,2.30893607689649,-1.54890599148084,2.87068021399018
99.8,-0.5,-1.60045593804772,-1.88128465573456,2.91228342752558,3.15917738538793,-1.77921301687035,2.40562789390451,-1.58539958144747,2.91791771828107
99.82,-0.5,-1.62285318773937,-1.41708957364961,2.98686091135302,2.38279179735211,-1.66260736453884,2.43591257753951,-1.6198395563473,2.96642300366476
99.84,-0.5,-1.65713952099371,-1.76202868175172,3.00759509941966,1.54547295925936,-1.52273640185491,2.40434685866248,-1.651694344928,3.01489640740272
99.86,-0.5,-1.69333433500944,-0.697631048444247,3.0486798297234,3.18853757255682,-1.36725455909217,2.31857784321393,-1.68064093465596,3.06223016050795
99.88,-0.5,-1.68504476293148,-0.220003086028259,3.13513660232194,2.71399003550912,-1.20939083411235,2.19247901012603,-1.70641460642984,3.10740792508371
99.9,-0.5,-1.70213445845057,-1.85995130385509,3.15723943114376,1.54221945034946,-1.05849351671576,2.03716033202857,-1.72905481254564,3.14972684988332
99.92,-0.5,-1.75944281508568,-2.19635150971059,3.19682538033591,1.38817015348501,-0.917516031229244,1.85823392028397,-1.74881340078495,3.18873054865565
99.94,-0.467559220717218,-1.78998851883899,-0.603287523805118,3.21276623728316,1.08324559337047,-0.785470866720366,1.65787349481981,-1.76585975111359,3.22395357904029
99.96,-0.303569750474374,-1.78357431603789,-0.669180223594978,3.24015520407073,0.530147240820611,-0.597916265599255,1.37834674784089,-1.77985229429634,3.25450666540972
99.98,0.234564236273521,-1.81675572778279,-0.188323009076979,3.23397212691599,1.45302939098269,-0.209601681195562,0.887648527699738,-1.78841827030022,3.27765928219417
100,1.04138125256438,-1.79110723640096,1.28242456909119,3.29827637971004,3.21521263970268,0.536278977409513,0.0489870636225446,-1.78583196933013,3.28767142346108
